precision:	0.4	0.35	0.333333333333333	0.3	0.24	0.25	0.242857142857143	0.2125	0.2	0.19	

MAP:	0.176045620347534

NDCG:	0.4	0.35	0.35	0.33403030283801	0.303546966022977	0.311227514318177	0.308803949261739	0.292499179060493	0.285458101294426	0.281825766067023	

