precision:	0.2	0.15	0.133333333333333	0.125	0.12	0.15	0.142857142857143	0.15	0.144444444444444	0.14	

MAP:	0.12612678792325

NDCG:	0.2	0.15	0.138009376671593	0.135769126790743	0.134343712750324	0.153987758404157	0.152403547013938	0.166075564644741	0.166899832019347	0.176916598889365	

