precision:	0.2	0.15	0.166666666666667	0.15	0.12	0.116666666666667	0.114285714285714	0.1125	0.111111111111111	0.11	

MAP:	0.156179220152493

NDCG:	0.2	0.15	0.173981246656813	0.173981246656813	0.161889046666453	0.165824671169499	0.168822984407911	0.177340290011516	0.180293701322877	0.182781312280538	

