precision:	0.1	0.05	0.0333333333333333	0.075	0.14	0.116666666666667	0.114285714285714	0.1125	0.111111111111111	0.11	

MAP:	0.117933274199235

NDCG:	0.1	0.05	0.0380093766715934	0.0699487709955733	0.114455395519649	0.108150288962429	0.111621719527493	0.115222061860889	0.127587790433171	0.130446695096909	

