precision:	0.2	0.1	0.133333333333333	0.125	0.1	0.1	0.1	0.1125	0.111111111111111	0.11	

MAP:	0.14715416658716

NDCG:	0.2	0.1	0.13597186998522	0.142041852332833	0.133811827779838	0.137747452282885	0.140745765521296	0.158622144087106	0.161575555398468	0.164063166356128	

