precision:	0	0.15	0.1	0.075	0.1	0.1	0.1	0.0875	0.0777777777777778	0.08	

MAP:	0.129696428169254

NDCG:	0	0.2	0.188009376671593	0.18193939432398	0.202261618867335	0.206938817287778	0.210502090646767	0.209783039509772	0.209191665165442	0.223745059827497	

