precision:	0.1	0.15	0.166666666666667	0.15	0.14	0.133333333333333	0.128571428571429	0.125	0.111111111111111	0.11	

MAP:	0.176441857314447

NDCG:	0.1	0.15	0.213092975357146	0.216922707823909	0.219359469220855	0.221095083454446	0.222417342508714	0.234441251074233	0.233910052380128	0.240455740983418	

