precision:	0.1	0.05	0.1	0.075	0.06	0.0666666666666667	0.0571428571428571	0.05	0.0555555555555556	0.05	

MAP:	0.0790335577706449

NDCG:	0.1	0.05	0.0859718699852197	0.0722424227040804	0.0635067244728215	0.0670821764802566	0.0615311879272344	0.0588082120148433	0.0685593588832804	0.0666730837952787	

