precision:	0.1	0.1	0.0666666666666667	0.05	0.08	0.0666666666666667	0.0857142857142857	0.0875	0.0777777777777778	0.09	

MAP:	0.110720017443166

NDCG:	0.1	0.1	0.0760187533431869	0.0638787886479598	0.0842010131913151	0.0790806476611819	0.0917295686931974	0.0987540523540026	0.0981626780096729	0.110386681725114	

