precision:	0.1	0.1	0.0666666666666667	0.075	0.08	0.0666666666666667	0.0571428571428571	0.05	0.0555555555555556	0.06	

MAP:	0.109091331840156

NDCG:	0.1	0.15	0.138009376671593	0.18193939432398	0.190169418876975	0.186233794373929	0.183235481135517	0.182516429998521	0.188293626091306	0.193159665660425	

