precision:	0.1	0.1	0.0666666666666667	0.1	0.1	0.133333333333333	0.142857142857143	0.1375	0.166666666666667	0.15	

MAP:	0.146937336172465

NDCG:	0.1	0.1	0.0760187533431869	0.0958181829719397	0.0963238566502037	0.130730703574183	0.148815456475225	0.15528341179048	0.214215766417038	0.212967284464392	

