precision:	0.1	0.1	0.0666666666666667	0.05	0.04	0.0333333333333333	0.0285714285714286	0.025	0.0222222222222222	0.02	

MAP:	0.0914900408091718

NDCG:	0.1	0.15	0.138009376671593	0.13193939432398	0.128077218886614	0.125326335410655	0.123230604393402	0.123230604393402	0.123230604393402	0.123230604393402	

