precision:	0.1	0.05	0.0333333333333333	0.05	0.04	0.05	0.0571428571428571	0.05	0.0444444444444444	0.04	

MAP:	0.0460361591820634

NDCG:	0.1	0.05	0.0380093766715934	0.0479090914859699	0.0421158283299217	0.0477870670665585	0.0521076393592382	0.0514617557008932	0.0509305570067877	0.05048313687026	

