precision:	0.2	0.25	0.2	0.15	0.18	0.166666666666667	0.157142857142857	0.15	0.133333333333333	0.12	

MAP:	0.230368985048511

NDCG:	0.2	0.3	0.288009376671593	0.278109661857217	0.319192301331335	0.325876906950301	0.3329333764677	0.342860790105365	0.342269415761035	0.341771310639891	

