precision:	0	0	0	0	0.02	0.0166666666666667	0.0142857142857143	0.0125	0.0222222222222222	0.02	

MAP:	0.0290983579660077

NDCG:	0	0	0	0	0.0215338279036697	0.0215338279036697	0.0215338279036697	0.0215338279036697	0.0288622676562922	0.0288622676562922	

