precision:	0.1	0.15	0.133333333333333	0.15	0.14	0.15	0.128571428571429	0.125	0.133333333333333	0.13	

MAP:	0.137724291875435

NDCG:	0.1	0.15	0.138009376671593	0.14790909148597	0.145978003767287	0.159306596095949	0.149983822341529	0.154666451238803	0.170508242379051	0.175016127874879	

