precision:	0.2	0.2	0.2	0.15	0.14	0.116666666666667	0.114285714285714	0.1	0.0888888888888889	0.08	

MAP:	0.183549909272567

NDCG:	0.2	0.25	0.308667593050499	0.290457646007658	0.294825495123288	0.288138987144282	0.29131985113441	0.290006081807872	0.288925589150105	0.288015507521857	

