precision:	0.1	0.25	0.166666666666667	0.15	0.18	0.15	0.128571428571429	0.125	0.111111111111111	0.1	

MAP:	0.193859986998137

NDCG:	0.1	0.3	0.26402813001478	0.267857862481543	0.308198199301597	0.300136249584612	0.29399433982032	0.300462295135574	0.299413211223013	0.298529584676872	

