precision:	0.1	0.1	0.1	0.1	0.1	0.116666666666667	0.114285714285714	0.1375	0.133333333333333	0.13	

MAP:	0.1318009513862

NDCG:	0.1	0.1	0.1	0.1	0.1	0.109797563950576	0.108986824523343	0.146581112014888	0.16038985280515	0.188838182975412	

