precision:	0.3	0.2	0.133333333333333	0.125	0.1	0.0833333333333333	0.0857142857142857	0.075	0.0666666666666667	0.07	

MAP:	0.203479625056878

NDCG:	0.3	0.25	0.21402813001478	0.226888165319553	0.219163814444822	0.213662047492904	0.220847627268476	0.219178042231825	0.217804913527131	0.222377349348907	

