precision:	0.1	0.2	0.166666666666667	0.125	0.12	0.116666666666667	0.1	0.1	0.0888888888888889	0.08	

MAP:	0.206317140105932

NDCG:	0.1	0.25	0.25	0.246170267533237	0.255825706126651	0.291590631589427	0.289365790314001	0.305313405843672	0.304722031499343	0.304223926378198	

