precision:	0.2	0.15	0.133333333333333	0.1	0.08	0.0833333333333333	0.0857142857142857	0.075	0.0888888888888889	0.08	

MAP:	0.0660712918218782

NDCG:	0.2	0.15	0.138009376671593	0.11596969716199	0.101946409452947	0.101755708742054	0.101610425454586	0.0987002385700474	0.10904393373204	0.106298262000406	

