precision:	0.1	0.15	0.1	0.1	0.08	0.0666666666666667	0.0571428571428571	0.05	0.0444444444444444	0.04	

MAP:	0.0638543194725054

NDCG:	0.1	0.15	0.11402813001478	0.11178788013393	0.0982702661031506	0.0886421739372936	0.0813071153769064	0.07713315278528	0.0737003310235433	0.0708089203360641	

