precision:	0.1	0.15	0.133333333333333	0.175	0.2	0.166666666666667	0.157142857142857	0.175	0.166666666666667	0.15	

MAP:	0.157738671731897

NDCG:	0.1	0.15	0.138009376671593	0.166913779821767	0.196409892983789	0.182486003819274	0.185417451622752	0.213953753638943	0.218307081198061	0.215801191935579	

