precision:	0.1	0.15	0.166666666666667	0.125	0.14	0.116666666666667	0.1	0.0875	0.0777777777777778	0.07	

MAP:	0.0820459763180865

NDCG:	0.1	0.15	0.161990623328407	0.146020926166417	0.16004421387546	0.150437350635777	0.143118465104685	0.140395489192294	0.138156012732324	0.136269737644323	

