precision:	0.1	0.15	0.1	0.1	0.12	0.1	0.1	0.0875	0.0777777777777778	0.07	

MAP:	0.150212108097259

NDCG:	0.1	0.2	0.188009376671593	0.19790909148597	0.225741856223952	0.220430789982926	0.22465951948168	0.223940468344685	0.223349094000355	0.222850988879211	

