precision:	0.2	0.1	0.1	0.075	0.08	0.0666666666666667	0.0571428571428571	0.05	0.0444444444444444	0.04	

MAP:	0.0726684108639259

NDCG:	0.2	0.1	0.1	0.0840303028380101	0.0859613905566928	0.0775392683440968	0.0711229650341636	0.069453379997513	0.0680802512928184	0.0669236870178267	

