precision:	0.2	0.1	0.1	0.075	0.12	0.116666666666667	0.114285714285714	0.1125	0.1	0.1	

MAP:	0.139671589710198

NDCG:	0.2	0.1	0.1	0.0840303028380101	0.144983421791758	0.14792500597861	0.15970147139294	0.16577542115409	0.164402292449395	0.178297227957602	

