precision:	0.2	0.25	0.233333333333333	0.2	0.18	0.15	0.128571428571429	0.125	0.133333333333333	0.13	

MAP:	0.248301140691332

NDCG:	0.2	0.3	0.351102352028739	0.357172334376353	0.370476137727027	0.364614198279498	0.36014834269935	0.36683848662141	0.379669149055872	0.385567691576175	

