precision:	0.2	0.25	0.2	0.2	0.16	0.133333333333333	0.114285714285714	0.1	0.0888888888888889	0.08	

MAP:	0.173959731051432

NDCG:	0.2	0.3	0.276018753343187	0.328979073833583	0.318817961561906	0.311580580376397	0.306066859287622	0.304397274250971	0.303024145546277	0.301867581271285	

