precision:	0.2	0.15	0.133333333333333	0.1	0.1	0.1	0.1	0.0875	0.0777777777777778	0.07	

MAP:	0.03402893165302

NDCG:	0.2	0.15	0.138009376671593	0.11596969716199	0.114038609443307	0.112663167705328	0.111615302196701	0.103593503226125	0.0969960780048946	0.0914391726021334	

