precision:	0	0	0	0	0.04	0.0333333333333333	0.0285714285714286	0.025	0.0333333333333333	0.04	

MAP:	0.0340993827745428

NDCG:	0	0	0	0	0.0241843999807207	0.0218149179265466	0.0200097534842299	0.0185716512102389	0.0237574729586943	0.0281254074066688	

