precision:	0.3	0.15	0.1	0.075	0.06	0.05	0.0571428571428571	0.05	0.0444444444444444	0.04	

MAP:	0.0658675775773975

NDCG:	0.3	0.15	0.11402813001478	0.0958181829719397	0.0880938320972088	0.0825920651452905	0.0866755113565765	0.0827416230937324	0.0795062473709065	0.0767811423138188	

