precision:	0.3	0.15	0.133333333333333	0.125	0.1	0.0833333333333333	0.0714285714285714	0.0625	0.0777777777777778	0.07	

MAP:	0.126248374580328

NDCG:	0.3	0.15	0.15	0.15	0.143701063165688	0.139214565456138	0.135796575384617	0.133073599472226	0.143571263886486	0.141320133391979	

