precision:	0.1	0.15	0.1	0.075	0.06	0.05	0.0428571428571429	0.0375	0.0444444444444444	0.04	

MAP:	0.0597798078244219

NDCG:	0.1	0.15	0.11402813001478	0.0958181829719397	0.0880938320972088	0.0825920651452905	0.0784006031107835	0.0750614330374824	0.0786837460652079	0.0775271817902162	

