precision:	0.6	0.35	0.266666666666667	0.2	0.16	0.15	0.142857142857143	0.125	0.111111111111111	0.1	

MAP:	0.15727366100332

NDCG:	0.6	0.35	0.302037506686374	0.26178788013393	0.240040241550156	0.236906054292372	0.23338004839763	0.223384014149093	0.215162904556909	0.209394960136827	

