precision:	0.2	0.15	0.1	0.075	0.08	0.0666666666666667	0.0571428571428571	0.05	0.0444444444444444	0.05	

MAP:	0.0446214557256806

NDCG:	0.2	0.15	0.11402813001478	0.0958181829719397	0.0963238566502037	0.0868864651952393	0.0796966899223204	0.0739688836753732	0.0692581232169596	0.071367485906294	

