precision:	0.7	0.4	0.266666666666667	0.275	0.24	0.216666666666667	0.185714285714286	0.175	0.166666666666667	0.16	

MAP:	0.184528358451442

NDCG:	0.7	0.4	0.316065636701154	0.330515154591839	0.315572126520641	0.304928765112416	0.28854532634325	0.282680302743606	0.277856689641192	0.274950401998835	

