precision:	0.1	0.1	0.1	0.075	0.08	0.0666666666666667	0.0571428571428571	0.0625	0.0666666666666667	0.07	

MAP:	0.0452060788349322

NDCG:	0.1	0.1	0.1	0.0840303028380101	0.0859613905566928	0.0775392683440968	0.0711229650341636	0.0731983594003769	0.0749052407602662	0.0763429195413942	

