precision:	0	0	0	0.025	0.04	0.05	0.0428571428571429	0.05	0.0444444444444444	0.05	

MAP:	0.0332181609725878

NDCG:	0	0	0	0.01596969716199	0.0277941578577078	0.0362162800703038	0.034357675134444	0.0400640054100241	0.0383885327953398	0.0427063091930866	

