precision:	0	0	0	0.025	0.02	0.0333333333333333	0.0285714285714286	0.025	0.0222222222222222	0.03	

MAP:	0.0255165695401333

NDCG:	0	0	0	0.01596969716199	0.0140386094433072	0.0224607316559032	0.0206021267200435	0.0191214505433731	0.0179036874969204	0.0226069853196645	

