precision:	0.1	0.1	0.0666666666666667	0.05	0.04	0.05	0.0428571428571429	0.0375	0.0333333333333333	0.03	

MAP:	0.0648960870241338

NDCG:	0.1	0.1	0.0760187533431869	0.0638787886479598	0.0600166132105944	0.0670632936852108	0.0641568232407243	0.0618413545457287	0.0599370271469286	0.0583330427354092	

