precision:	0	0	0.0666666666666667	0.1	0.12	0.1	0.114285714285714	0.1	0.0888888888888889	0.08	

MAP:	0.0733323100356684

NDCG:	0	0	0.0479624933136263	0.0812727255420904	0.098652515010235	0.0914363627508999	0.102488631183007	0.0969195182601235	0.0923392730816938	0.088481406061681	

