precision:	0	0.15	0.1	0.125	0.1	0.116666666666667	0.1	0.0875	0.0888888888888889	0.08	

MAP:	0.0695583882820502

NDCG:	0	0.15	0.11402813001478	0.12775757729592	0.112308875546458	0.123458749948799	0.114265086452552	0.106940862647605	0.107285719571836	0.101847186928836	

