precision:	0	0.2	0.133333333333333	0.125	0.12	0.1	0.1	0.0875	0.0888888888888889	0.08	

MAP:	0.0740340309360989

NDCG:	0	0.2	0.152037506686374	0.15275757729592	0.153263250974184	0.143825859519219	0.144910992492093	0.138588468055603	0.143464346378778	0.139084571925555	

