precision:	0.2	0.1	0.133333333333333	0.125	0.1	0.1	0.0857142857142857	0.0875	0.0888888888888889	0.08	

MAP:	0.0851778365145386

NDCG:	0.2	0.1	0.123981246656813	0.12015151419005	0.109484728240109	0.111684738509564	0.105085884447915	0.107015847935364	0.10860312154255	0.104211056536012	

