precision:	0.2	0.15	0.133333333333333	0.15	0.12	0.116666666666667	0.1	0.1	0.111111111111111	0.1	

MAP:	0.0733067979429822

NDCG:	0.2	0.15	0.138009376671593	0.14790909148597	0.133885803776927	0.133695103066034	0.125274911532773	0.125753888340986	0.13251638708352	0.127201751207527	

