precision:	0.4	0.2	0.166666666666667	0.125	0.12	0.116666666666667	0.1	0.1	0.1	0.09	

MAP:	0.0966897305534174

NDCG:	0.4	0.2	0.176018753343187	0.14790909148597	0.145978003767287	0.144602562029308	0.135279788274888	0.135039713946106	0.134842267907195	0.128946962180036	

