precision:	0.4	0.2	0.166666666666667	0.15	0.12	0.116666666666667	0.1	0.1	0.1	0.09	

MAP:	0.138944360491803

NDCG:	0.4	0.2	0.188009376671593	0.18193939432398	0.16984719433362	0.171031935360707	0.163659609336072	0.16497337866261	0.166053871320377	0.161234952851858	

