precision:	0	0	0.0333333333333333	0.025	0.04	0.05	0.0571428571428571	0.0625	0.0666666666666667	0.06	

MAP:	0.0508936191116418

NDCG:	0	0	0.0239812466568131	0.0201515141900502	0.0322437141804106	0.0408565371038992	0.0474181237013007	0.0526454771686676	0.0569446466856791	0.0548367680894007	

