precision:	0.3	0.2	0.2	0.175	0.14	0.133333333333333	0.128571428571429	0.125	0.111111111111111	0.12	

MAP:	0.111073845364242

NDCG:	0.3	0.2	0.2	0.18403030283801	0.165639166013337	0.162337409330875	0.159822001480512	0.157818076705116	0.149801404152362	0.163829589375208	

