precision:	0.3	0.2	0.166666666666667	0.15	0.12	0.1	0.0857142857142857	0.1	0.1	0.09	

MAP:	0.093982098569393

NDCG:	0.3	0.2	0.176018753343187	0.16387878864796	0.147924413220234	0.136560706820786	0.127903389206131	0.135380463606615	0.13516131668556	0.12924773265358	

