precision:	0.2	0.15	0.1	0.1	0.12	0.1	0.1	0.0875	0.0777777777777778	0.08	

MAP:	0.0941586249588215

NDCG:	0.2	0.15	0.11402813001478	0.11178788013393	0.130179016958602	0.123683209690489	0.127009356968085	0.122472158949576	0.118740598890438	0.121326565825325	

