precision:	0.2	0.15	0.1	0.1	0.08	0.0666666666666667	0.0571428571428571	0.05	0.0444444444444444	0.04	

MAP:	0.113089576125206

NDCG:	0.2	0.15	0.126018753343187	0.12984848580995	0.124055222653902	0.119928897439963	0.116785300914083	0.114280923359107	0.112221230302065	0.110486383889577	

