precision:	0.2	0.15	0.133333333333333	0.1	0.12	0.1	0.1	0.0875	0.1	0.1	

MAP:	0.0748424149300875

NDCG:	0.2	0.15	0.138009376671593	0.11596969716199	0.128567570830614	0.117945438348563	0.118127989100279	0.111086413526793	0.118032301284843	0.122039426632323	

