precision:	0.3	0.2	0.133333333333333	0.125	0.12	0.1	0.114285714285714	0.1	0.1	0.1	

MAP:	0.0733217940694632

NDCG:	0.3	0.2	0.152037506686374	0.14372727445791	0.138439684980125	0.124875968311222	0.134194546568295	0.125367644576829	0.124476643185051	0.123726167009603	

