precision:	0	0	0	0	0	0	0	0.025	0.0333333333333333	0.04	

MAP:	0.0396895255019838

NDCG:	0	0	0	0	0	0	0	0.0183899995724606	0.0247585700095754	0.030122714699838	

