precision:	0.2	0.15	0.166666666666667	0.125	0.14	0.116666666666667	0.1	0.0875	0.0888888888888889	0.08	

MAP:	0.0956977604131218

NDCG:	0.2	0.15	0.161990623328407	0.13612121135204	0.145508910650811	0.132600290728665	0.122765997347211	0.120993555334475	0.126864272987493	0.125636457053339	

