precision:	0.1	0.15	0.1	0.1	0.12	0.133333333333333	0.114285714285714	0.125	0.133333333333333	0.13	

MAP:	0.146641751769929

NDCG:	0.1	0.15	0.11402813001478	0.11178788013393	0.122454666083871	0.168485012949021	0.159344789946317	0.203678330466865	0.224447016038571	0.229918705096892	

