precision:	0.1	0.05	0.0333333333333333	0.025	0.04	0.0333333333333333	0.0428571428571429	0.05	0.0444444444444444	0.05	

MAP:	0.0775387852650187

NDCG:	0.1	0.05	0.0380093766715934	0.0319393943239799	0.0440315943143403	0.0428468532872532	0.0533213128761737	0.0632487265138381	0.0626573521695084	0.0717739627832222	

