precision:	0	0	0	0.025	0.02	0.0166666666666667	0.0142857142857143	0.025	0.0333333333333333	0.03	

MAP:	0.0320404444486541

NDCG:	0	0	0	0.01596969716199	0.01596969716199	0.01596969716199	0.01596969716199	0.0231567036142404	0.0290675644831236	0.0283171876516214	

