precision:	0.1	0.05	0.0666666666666667	0.075	0.12	0.133333333333333	0.128571428571429	0.15	0.144444444444444	0.13	

MAP:	0.140173905083602

NDCG:	0.1	0.05	0.0619906233284066	0.0680606056760201	0.109826356536492	0.122374803963027	0.123659795553047	0.185610536639916	0.195094919390612	0.194596814269468	

