precision:	0	0	0.0333333333333333	0.05	0.08	0.0833333333333333	0.0857142857142857	0.1	0.0888888888888889	0.09	

MAP:	0.104443000756977

NDCG:	0	0	0.0239812466568131	0.0361212113520402	0.0602153097462081	0.0657170766981264	0.0699085387326333	0.0992449976231645	0.0992449976231645	0.104973997719932	

