precision:	0	0.1	0.0666666666666667	0.05	0.04	0.0333333333333333	0.0428571428571429	0.05	0.0555555555555556	0.06	

MAP:	0.090211706788929

NDCG:	0	0.1	0.0760187533431869	0.0638787886479598	0.0600166132105944	0.0572657297346352	0.0634449069631746	0.0711884417609752	0.0785168815135978	0.108619881079996	

