precision:	0.1	0.1	0.0666666666666667	0.05	0.04	0.0333333333333333	0.0285714285714286	0.0375	0.0333333333333333	0.03	

MAP:	0.0981750891397634

NDCG:	0.1	0.15	0.138009376671593	0.13193939432398	0.128077218886614	0.125326335410655	0.123230604393402	0.133877069168062	0.133877069168062	0.133877069168062	

