precision:	0.2	0.15	0.133333333333333	0.1	0.14	0.116666666666667	0.1	0.0875	0.0888888888888889	0.08	

MAP:	0.0971239695377947

NDCG:	0.2	0.15	0.138009376671593	0.11596969716199	0.139886357848068	0.127528611132426	0.118113994584081	0.11667589231009	0.122821583374053	0.121825373131765	

