precision:	0.3	0.2	0.2	0.175	0.14	0.116666666666667	0.1	0.0875	0.0777777777777778	0.07	

MAP:	0.18535533550586

NDCG:	0.3	0.2	0.258667593050499	0.262497325517262	0.252841886923848	0.24596467823395	0.240725350690817	0.238220973135841	0.236161280078799	0.234426433666311	

