precision:	0	0.05	0.0666666666666667	0.075	0.06	0.0833333333333333	0.0714285714285714	0.075	0.0888888888888889	0.09	

MAP:	0.112618238494838

NDCG:	0	0.05	0.0619906233284066	0.0680606056760201	0.0641984302386546	0.0836009550688737	0.0806944846243872	0.0867684343855372	0.104714368761872	0.118609304270079	

