precision:	0	0	0	0	0.04	0.05	0.0428571428571429	0.05	0.0555555555555556	0.06	

MAP:	0.0573092238719523

NDCG:	0	0	0	0	0.0241843999807207	0.0411575582882737	0.039352393845957	0.0456578263697666	0.0602483215203937	0.0662452200179229	

