precision:	0	0.1	0.1	0.125	0.1	0.1	0.0857142857142857	0.075	0.0777777777777778	0.07	

MAP:	0.0753472352831979

NDCG:	0	0.1	0.1	0.11596969716199	0.101946409452947	0.101755708742054	0.093335517208793	0.0866274875647558	0.0874791254384062	0.0836445772069262	

