precision:	0	0.05	0.1	0.075	0.06	0.0666666666666667	0.0714285714285714	0.0875	0.0777777777777778	0.08	

MAP:	0.066558236427757

NDCG:	0	0.05	0.0859718699852197	0.0722424227040804	0.0635067244728215	0.0670821764802566	0.075070401075152	0.0850221635331762	0.0804697214873632	0.0835414036461347	

