precision:	0	0	0.0333333333333333	0.025	0.04	0.0333333333333333	0.0428571428571429	0.0375	0.0444444444444444	0.04	

MAP:	0.0351805640554691

NDCG:	0	0	0.0239812466568131	0.0201515141900502	0.0298069527834639	0.0268865975227861	0.0382009693952775	0.0364285273825415	0.0413393757200517	0.0401115597858976	

