precision:	0	0	0	0	0	0	0	0.0125	0.0333333333333333	0.03	

MAP:	0.0275726123633561

NDCG:	0	0	0	0	0	0	0	0.00718700645225042	0.0194664377582485	0.0183512055202412	

