precision:	0.3	0.15	0.133333333333333	0.1	0.1	0.1	0.0857142857142857	0.075	0.0666666666666667	0.07	

MAP:	0.0638565934176451

NDCG:	0.3	0.15	0.138009376671593	0.11596969716199	0.114038609443307	0.117569637821393	0.109057603494206	0.102276406371519	0.0966992981578302	0.0993854588916045	

