precision:	0.2	0.1	0.0666666666666667	0.1	0.1	0.0833333333333333	0.1	0.0875	0.0777777777777778	0.07	

MAP:	0.0603743935458111

NDCG:	0.2	0.1	0.0760187533431869	0.0958181829719397	0.0963238566502037	0.0868864651952393	0.0962465064139062	0.0893292637878732	0.0836402667025864	0.0798387743868587	

