precision:	0.1	0.05	0.0333333333333333	0.025	0.02	0.0166666666666667	0.0142857142857143	0.025	0.0222222222222222	0.02	

MAP:	0.0625659995111498

NDCG:	0.1	0.05	0.0380093766715934	0.0380093766715934	0.0380093766715934	0.0380093766715934	0.0380093766715934	0.0506791688954579	0.0506791688954579	0.0506791688954579	

