precision:	0.1	0.15	0.1	0.1	0.08	0.0833333333333333	0.1	0.0875	0.0777777777777778	0.08	

MAP:	0.0642348701164693

NDCG:	0.1	0.15	0.11402813001478	0.11178788013393	0.0982702661031506	0.0998151796258487	0.109267063638441	0.102422988491058	0.0967941670559959	0.10050720623414	

