precision:	0	0	0.0333333333333333	0.025	0.04	0.0333333333333333	0.0285714285714286	0.0375	0.0333333333333333	0.04	

MAP:	0.0456403262417109

NDCG:	0	0	0.0239812466568131	0.0201515141900502	0.0298069527834639	0.0286222117563768	0.0277196295352185	0.0363596513604278	0.0357682770160981	0.0409991719917217	

