precision:	0.1	0.2	0.133333333333333	0.1	0.1	0.0833333333333333	0.0857142857142857	0.075	0.0888888888888889	0.08	

MAP:	0.0813234854975917

NDCG:	0.1	0.2	0.152037506686374	0.133827559643533	0.134333233321797	0.127646725342792	0.130827589332919	0.12617464993308	0.135085040740154	0.131630224870056	

