precision:	0.2	0.15	0.133333333333333	0.1	0.08	0.0666666666666667	0.0714285714285714	0.0875	0.0777777777777778	0.08	

MAP:	0.0609880851935018

NDCG:	0.2	0.15	0.138009376671593	0.11596969716199	0.101946409452947	0.0919581447914788	0.0926236009312434	0.105823535432123	0.0998909736810962	0.102150280952889	

