precision:	0	0	0	0.025	0.04	0.0333333333333333	0.0714285714285714	0.075	0.0666666666666667	0.06	

MAP:	0.0302753649702833

NDCG:	0	0	0	0.0190046883357967	0.0310968883261571	0.02991214729907	0.0538342898152904	0.0585180905619165	0.0560016517090456	0.0547921772698396	

