precision:	0	0	0	0.025	0.04	0.05	0.0714285714285714	0.0625	0.0666666666666667	0.06	

MAP:	0.0332045870221174

NDCG:	0	0	0	0.01596969716199	0.0261308094336676	0.0333681906191766	0.0471568199537443	0.0437676562609926	0.0473488526804518	0.0446362368645703	

