precision:	0	0	0	0.025	0.02	0.0166666666666667	0.0285714285714286	0.025	0.0333333333333333	0.03	

MAP:	0.0326043741787045

NDCG:	0	0	0	0.01596969716199	0.0140386094433072	0.0126631677053277	0.0251545153446185	0.0243197228262932	0.0300017289110607	0.0294234467735648	

