precision:	0.2	0.15	0.1	0.075	0.06	0.05	0.0571428571428571	0.05	0.0666666666666667	0.07	

MAP:	0.0555750514985186

NDCG:	0.2	0.15	0.11402813001478	0.0958181829719397	0.0842316566598433	0.0759790062319659	0.0779667214259984	0.0723632481265038	0.0804918845732128	0.0839226330748744	

