precision:	0.1	0.05	0.0666666666666667	0.075	0.06	0.05	0.0428571428571429	0.05	0.0444444444444444	0.04	

MAP:	0.0265806148519971

NDCG:	0.1	0.05	0.0619906233284066	0.0680606056760201	0.0598305811230252	0.0539686416754958	0.0495027860953478	0.0553040906268362	0.0523780498145193	0.0499134925890218	

