precision:	0	0.05	0.0333333333333333	0.025	0.02	0.0333333333333333	0.0285714285714286	0.025	0.0222222222222222	0.03	

MAP:	0.0234423024739641

NDCG:	0	0.05	0.0380093766715934	0.0319393943239799	0.0280772188866144	0.03787478283719	0.037064043409957	0.036418159751612	0.0358869610575065	0.0411685410177465	

