precision:	0	0.05	0.0333333333333333	0.025	0.02	0.0166666666666667	0.0142857142857143	0.0125	0.0222222222222222	0.03	

MAP:	0.0592051242625357

NDCG:	0	0.05	0.0380093766715934	0.0380093766715934	0.0380093766715934	0.0380093766715934	0.0380093766715934	0.0380093766715934	0.0443779471087082	0.0497420917989709	

