precision:	0	0	0.0333333333333333	0.05	0.06	0.05	0.0714285714285714	0.075	0.0666666666666667	0.06	

MAP:	0.0602425329431262

NDCG:	0	0	0.0239812466568131	0.0361212113520402	0.0438455622267711	0.0395497652281138	0.0528268749356467	0.0562172104777499	0.0526369778306934	0.0506116639644376	

