precision:	0	0	0	0	0	0	0	0.0125	0.0111111111111111	0.01	

MAP:	0.0118114282733552

NDCG:	0	0	0	0	0	0	0	0.00718700645225042	0.00672929688401887	0.00672929688401887	

