precision:	0	0	0	0.025	0.02	0.0166666666666667	0.0428571428571429	0.0375	0.0333333333333333	0.04	

MAP:	0.0523099226151108

NDCG:	0	0	0	0.01596969716199	0.0140386094433072	0.0126631677053277	0.0281651186882868	0.0261408897908756	0.0244760888116551	0.0295629908025084	

