precision:	0.3	0.15	0.133333333333333	0.125	0.12	0.1	0.0857142857142857	0.075	0.0777777777777778	0.08	

MAP:	0.0538884657426028

NDCG:	0.3	0.15	0.138009376671593	0.13193939432398	0.128077218886614	0.11552877146008	0.105968871624266	0.0983528819832534	0.102164966512243	0.106503891350475	

