precision:	0.1	0.1	0.1	0.125	0.1	0.0833333333333333	0.0714285714285714	0.0875	0.0777777777777778	0.07	

MAP:	0.109250053345102

NDCG:	0.1	0.1	0.111990623328407	0.13403030283801	0.123869190566332	0.116631809380823	0.111118088292049	0.125213837023774	0.124069563103196	0.123105759540702	

