precision:	0	0.1	0.133333333333333	0.1	0.1	0.1	0.1	0.1125	0.111111111111111	0.11	

MAP:	0.0814860192647159

NDCG:	0	0.1	0.123981246656813	0.10418181702806	0.103676143349796	0.103315970854185	0.103041577308544	0.110009985403379	0.10937249243222	0.110377528687752	

