precision:	0	0	0	0	0.02	0.0333333333333333	0.0285714285714286	0.025	0.0222222222222222	0.02	

MAP:	0.0252628510057857

NDCG:	0	0	0	0	0.0120921999903604	0.0507774807138145	0.0507774807138145	0.0507774807138145	0.0507774807138145	0.0507774807138145	

