precision:	0	0	0.0333333333333333	0.025	0.02	0.0333333333333333	0.0571428571428571	0.05	0.0555555555555556	0.05	

MAP:	0.0903831585359808

NDCG:	0	0	0.0630929753571457	0.0630929753571457	0.0630929753571457	0.0728905393077213	0.0886296163720742	0.0867942963346432	0.0916534314507794	0.0900172028935379	

