precision:	0.2	0.1	0.0666666666666667	0.05	0.04	0.0333333333333333	0.0285714285714286	0.0375	0.0444444444444444	0.05	

MAP:	0.0500724848783833

NDCG:	0.2	0.1	0.0760187533431869	0.0638787886479598	0.0561544377732289	0.0506526708213106	0.0464612087868036	0.0519786302024035	0.0574762316820998	0.0616631460788786	

