precision:	0	0	0	0.025	0.02	0.0333333333333333	0.0285714285714286	0.025	0.0222222222222222	0.02	

MAP:	0.0183842257905796

NDCG:	0	0	0	0.01596969716199	0.0140386094433072	0.0273672017719687	0.0263193362633419	0.0254845437450166	0.0247979793926693	0.0242196972551735	

