precision:	0	0	0.0333333333333333	0.075	0.06	0.05	0.0428571428571429	0.0375	0.0333333333333333	0.03	

MAP:	0.0265986467155764

NDCG:	0	0	0.0239812466568131	0.0611212113520402	0.0567533622364107	0.0536423062648405	0.0512721817019459	0.0493839983078801	0.0478310862002579	0.046523093249752	

