precision:	0	0	0	0	0	0	0.0142857142857143	0.0125	0.0222222222222222	0.02	

MAP:	0.0155617575888538

NDCG:	0	0	0	0	0	0	0.0100013071614172	0.0100013071614172	0.016369877598532	0.0160050221920269	

