precision:	0	0	0	0	0	0.0166666666666667	0.0142857142857143	0.0125	0.0111111111111111	0.01	

MAP:	0.0100824860970344

NDCG:	0	0	0	0	0	0.0108617509456255	0.0108617509456255	0.0108617509456255	0.0108617509456255	0.0108617509456255	

