precision:	0.1	0.1	0.1	0.1	0.1	0.0833333333333333	0.0714285714285714	0.0625	0.0555555555555556	0.05	

MAP:	0.0846815396446618

NDCG:	0.1	0.1	0.1	0.115100285185624	0.120893548341672	0.115222309605035	0.110901737312355	0.107459710262969	0.104628859458669	0.102244479249524	

