precision:	0	0.05	0.0666666666666667	0.05	0.04	0.0333333333333333	0.0285714285714286	0.025	0.0222222222222222	0.02	

MAP:	0.0220786098863038

NDCG:	0	0.05	0.0619906233284066	0.0520909085140302	0.045791971679718	0.0430410882037588	0.0409453571865053	0.0392757721498548	0.0379026434451601	0.0367460791701684	

