precision:	0.1	0.15	0.133333333333333	0.1	0.1	0.0833333333333333	0.0714285714285714	0.0625	0.0666666666666667	0.07	

MAP:	0.116257439775083

NDCG:	0.1	0.2	0.2	0.18403030283801	0.185961390556693	0.177539268344097	0.171122965034164	0.166730404085122	0.169486369357573	0.171807674684842	

