precision:	0.1	0.05	0.0666666666666667	0.05	0.04	0.0333333333333333	0.0285714285714286	0.025	0.0222222222222222	0.02	

MAP:	0.112108546717881

NDCG:	0.1	0.1	0.123981246656813	0.12015151419005	0.117714752793104	0.115979138559513	0.114656879505245	0.113603488629504	0.11273714087423	0.11200743006122	

