precision:	0.1	0.1	0.1	0.075	0.06	0.0666666666666667	0.0857142857142857	0.0875	0.111111111111111	0.1	

MAP:	0.0898415717367437

NDCG:	0.1	0.1	0.1	0.0840303028380101	0.0738691905663324	0.0774935603264489	0.08852965572926	0.0907293830429259	0.115640204025617	0.111435011324017	

