precision:	0	0	0.0333333333333333	0.025	0.04	0.05	0.0428571428571429	0.0375	0.0333333333333333	0.03	

MAP:	0.0430582807878117

NDCG:	0	0	0.0239812466568131	0.0201515141900502	0.0298069527834639	0.0366841614733617	0.0336485807707025	0.0312302550996214	0.0292413343059114	0.0275660982352296	

