precision:	0	0.1	0.1	0.075	0.08	0.0666666666666667	0.0714285714285714	0.0625	0.0666666666666667	0.06	

MAP:	0.119934843848472

NDCG:	0	0.15	0.161990623328407	0.15209090851403	0.157884171670078	0.152212932933441	0.156167268886555	0.152725241837168	0.165667634872155	0.16328325466301	

