precision:	0.1	0.05	0.0333333333333333	0.025	0.02	0.0333333333333333	0.0285714285714286	0.025	0.0222222222222222	0.02	

MAP:	0.0422128135504745

NDCG:	0.1	0.05	0.0380093766715934	0.0319393943239799	0.0280772188866144	0.0351238993612309	0.0322174289167444	0.0305478438800938	0.0291747151753992	0.0280181509004075	

