precision:	0.1	0.1	0.0666666666666667	0.075	0.06	0.05	0.0428571428571429	0.0375	0.0333333333333333	0.03	

MAP:	0.0321855748246195

NDCG:	0.1	0.1	0.0760187533431869	0.0798484858099498	0.0701930472165361	0.0633158385266383	0.0580765109835045	0.0555721334285287	0.0535124403714867	0.0517775939589992	

