precision:	0	0.05	0.0333333333333333	0.025	0.04	0.05	0.0571428571428571	0.05	0.0444444444444444	0.05	

MAP:	0.0490032642347693

NDCG:	0	0.05	0.0380093766715934	0.0319393943239799	0.0401694188769748	0.0487822418004634	0.0553438283978649	0.0533841754129814	0.0517724840611097	0.0561439823931012	

