precision:	0	0	0	0	0	0	0	0	0	0.01	

MAP:	0.0269985690628328

NDCG:	0	0	0	0	0	0	0	0	0	0.0084520850796942	

