precision:	0.3	0.2	0.133333333333333	0.125	0.1	0.0833333333333333	0.0714285714285714	0.0625	0.0555555555555556	0.05	

MAP:	0.155080006315956

NDCG:	0.3	0.25	0.21402813001478	0.21178788013393	0.198270266103151	0.191393057413253	0.186153729870119	0.182814559796818	0.180068302387429	0.177755173837445	

