precision:	0.1	0.1	0.1	0.1	0.1	0.0833333333333333	0.0714285714285714	0.0625	0.0555555555555556	0.05	

MAP:	0.111691034116694

NDCG:	0.1	0.1	0.111990623328407	0.133160890861644	0.142816329455057	0.13989597419438	0.137671132918953	0.135898690906217	0.134440968806613	0.133213152872459	

