precision:	0.1	0.1	0.0666666666666667	0.1	0.1	0.0833333333333333	0.0857142857142857	0.1	0.0888888888888889	0.08	

MAP:	0.098879836234286

NDCG:	0.1	0.1	0.0760187533431869	0.110918468157563	0.126659032905185	0.122532707691246	0.137199470520767	0.160720832594663	0.158661139537621	0.156926293125133	

