precision:	0	0	0	0	0	0	0	0	0.0111111111111111	0.02	

MAP:	0.0187748379276278

NDCG:	0	0	0	0	0	0	0	0	0.0157732438392864	0.0308247436224855	

