precision:	0.1	0.05	0.0333333333333333	0.05	0.04	0.05	0.0428571428571429	0.0375	0.0333333333333333	0.04	

MAP:	0.0564312032739222

NDCG:	0.1	0.05	0.0380093766715934	0.0479090914859699	0.0421158283299217	0.0505379505425177	0.0486793456066579	0.0471986694299876	0.0459809063835348	0.0750582036759094	

