precision:	0.1	0.1	0.0666666666666667	0.05	0.06	0.0666666666666667	0.0857142857142857	0.075	0.0666666666666667	0.06	

MAP:	0.139070277782361

NDCG:	0.1	0.15	0.138009376671593	0.13193939432398	0.140169418876975	0.146031358324504	0.158772122150445	0.155788767787256	0.153335146424795	0.151268500521555	

