precision:	0.1	0.1	0.1	0.1	0.08	0.0666666666666667	0.0571428571428571	0.05	0.0444444444444444	0.04	

MAP:	0.0325985209915463

NDCG:	0.1	0.1	0.1	0.1	0.0879078000096396	0.0810305913197418	0.0757912637766081	0.0716173011849817	0.068184479423245	0.0652930687357658	

