precision:	0	0	0	0	0	0.0333333333333333	0.0285714285714286	0.025	0.0222222222222222	0.02	

MAP:	0.0246691652153073

NDCG:	0	0	0	0	0	0.0495470316690796	0.0495470316690796	0.0495470316690796	0.0495470316690796	0.0495470316690796	

