precision:	0	0	0	0	0	0.0333333333333333	0.0285714285714286	0.025	0.0222222222222222	0.02	

MAP:	0.0105613070768313

NDCG:	0	0	0	0	0	0.0195951279011512	0.0179736490466851	0.016681881729995	0.0156194843417841	0.0147246440687287	

