precision:	0	0	0.0333333333333333	0.05	0.04	0.05	0.0428571428571429	0.0375	0.0333333333333333	0.03	

MAP:	0.0577059564475533

NDCG:	0	0	0.0239812466568131	0.0361212113520402	0.0317533622364107	0.0384398702154161	0.0352590062252885	0.0344242137069632	0.0337376493546159	0.0331593672171201	

