precision:	0.2	0.15	0.133333333333333	0.1	0.08	0.0666666666666667	0.0571428571428571	0.05	0.0444444444444444	0.04	

MAP:	0.0895053399084151

NDCG:	0.2	0.15	0.145574617693353	0.133434652998126	0.125710302123395	0.120208535171477	0.11601707313697	0.112677903063669	0.109931645654279	0.107618517104296	

