precision:	0	0.05	0.0333333333333333	0.025	0.02	0.0333333333333333	0.0285714285714286	0.025	0.0222222222222222	0.02	

MAP:	0.0587441953271532

NDCG:	0	0.05	0.0380093766715934	0.0319393943239799	0.0280772188866144	0.0667624996100686	0.0667624996100686	0.0667624996100686	0.0667624996100686	0.0667624996100686	

