precision:	0.2	0.1	0.133333333333333	0.1	0.08	0.0833333333333333	0.0857142857142857	0.075	0.0777777777777778	0.07	

MAP:	0.101279024489246

NDCG:	0.2	0.1	0.131546487678573	0.121646772864196	0.115347836029884	0.131939592915652	0.1476542212538	0.145984636217149	0.150980077949569	0.149458658268073	

