precision:	0	0	0	0	0	0	0	0	0	0.01	

MAP:	0.0204039702509605

NDCG:	0	0	0	0	0	0	0	0	0	0.0150514997831991	

