precision:	0	0.05	0.0333333333333333	0.025	0.02	0.0333333333333333	0.0428571428571429	0.0625	0.0555555555555556	0.05	

MAP:	0.0621106227879052

NDCG:	0	0.05	0.0380093766715934	0.0319393943239799	0.0280772188866144	0.0351238993612309	0.0678381476275466	0.080453220182602	0.0780911832155704	0.0761016773790537	

