precision:	0.1	0.1	0.1	0.125	0.14	0.116666666666667	0.114285714285714	0.1	0.111111111111111	0.1	

MAP:	0.0757126145701048

NDCG:	0.1	0.1	0.1	0.119799429628753	0.132397303297377	0.123150612553305	0.129645333715772	0.124033268850155	0.13377583811663	0.129523361780358	

