precision:	0	0	0	0	0.02	0.0333333333333333	0.0285714285714286	0.025	0.0222222222222222	0.02	

MAP:	0.0237885754064556

NDCG:	0	0	0	0	0.0120921999903604	0.0207050229138489	0.0189917012654575	0.017626766470117	0.0165041934316818	0.01555866817401	

