precision:	0	0.05	0.0666666666666667	0.05	0.04	0.05	0.0428571428571429	0.0375	0.0333333333333333	0.04	

MAP:	0.0419621762829201

NDCG:	0	0.05	0.0619906233284066	0.0520909085140301	0.045791971679718	0.0511030379207437	0.0468743084219894	0.0435054488512533	0.0407347736971782	0.0538999983923756	

