precision:	0.2	0.15	0.133333333333333	0.125	0.12	0.1	0.1	0.125	0.111111111111111	0.11	

MAP:	0.0588217478964272

NDCG:	0.2	0.15	0.138009376671593	0.13193939432398	0.128077218886614	0.11552877146008	0.117345913434345	0.131290943150083	0.123654141879353	0.122950786804504	

