precision:	0.2	0.1	0.0666666666666667	0.075	0.06	0.05	0.0571428571428571	0.0625	0.0666666666666667	0.06	

MAP:	0.0903196773035967

NDCG:	0.2	0.1	0.0880093766715934	0.0979090914859699	0.0921158283299217	0.087989503115983	0.0931208148358957	0.0972087255436273	0.100570775042032	0.0976735752909378	

