precision:	0	0	0.0666666666666667	0.05	0.06	0.05	0.0428571428571429	0.0375	0.0333333333333333	0.03	

MAP:	0.0462367604477555

NDCG:	0	0	0.0479624933136263	0.0403030283801005	0.0475217055765674	0.042865736082299	0.039318635752605	0.0364928028641284	0.034168733009249	0.0322112062620848	

