precision:	0	0.05	0.0666666666666667	0.05	0.08	0.0833333333333333	0.0714285714285714	0.075	0.0666666666666667	0.06	

MAP:	0.0432492569609449

NDCG:	0	0.05	0.0619906233284066	0.0520909085140302	0.0699763716604387	0.0729179558472904	0.0668840619062193	0.0692641065137426	0.0648529731027766	0.0611375462109619	

