precision:	0.2	0.15	0.133333333333333	0.1	0.14	0.116666666666667	0.114285714285714	0.1	0.111111111111111	0.1	

MAP:	0.0723314525337801

NDCG:	0.2	0.15	0.138009376671593	0.11596969716199	0.142085184861393	0.131293580594623	0.131347021088166	0.124202588538595	0.131063882901735	0.125385040855195	

