precision:	0.3	0.2	0.166666666666667	0.15	0.14	0.133333333333333	0.114285714285714	0.1125	0.1	0.09	

MAP:	0.0765858135500212

NDCG:	0.3	0.2	0.176018753343187	0.16387878864796	0.160016613210594	0.157265729734635	0.146895090471589	0.145820223624481	0.138567642796108	0.132458910337958	

