precision:	0.2	0.2	0.2	0.175	0.18	0.166666666666667	0.142857142857143	0.125	0.111111111111111	0.1	

MAP:	0.071357534640668

NDCG:	0.2	0.2	0.2	0.18403030283801	0.18839815195364	0.181711643974634	0.168342691473176	0.157692182000172	0.148932807691006	0.141554927261718	

