precision:	0	0	0	0.025	0.04	0.0333333333333333	0.0285714285714286	0.05	0.0555555555555556	0.06	

MAP:	0.0384843541638297

NDCG:	0	0	0	0.01596969716199	0.0261308094336676	0.023570626668601	0.0216201789388158	0.0344403481879959	0.0386155607919706	0.0429785410334288	

