precision:	0.1	0.15	0.133333333333333	0.1	0.1	0.0833333333333333	0.114285714285714	0.1125	0.1	0.09	

MAP:	0.0621371668275736

NDCG:	0.1	0.15	0.138009376671593	0.11596969716199	0.114038609443307	0.102865603754752	0.119178294164944	0.117799948925878	0.110297776203648	0.105547357280305	

