precision:	0	0	0.0666666666666667	0.05	0.04	0.0333333333333333	0.0285714285714286	0.0375	0.0444444444444444	0.04	

MAP:	0.0235432782042554

NDCG:	0	0	0.0479624933136263	0.0403030283801005	0.035429505586207	0.0319582771190257	0.02931375901049	0.0343939837112594	0.0385721490695929	0.0363623506120705	

