precision:	0.1	0.1	0.1	0.125	0.12	0.1	0.0857142857142857	0.075	0.0666666666666667	0.06	

MAP:	0.0492000635961585

NDCG:	0.1	0.1	0.1	0.119004688335797	0.119004688335797	0.109207124385221	0.101742955566661	0.0957965509622988	0.0909060071009576	0.0867867804793243	

