precision:	0.1	0.05	0.0666666666666667	0.075	0.06	0.0666666666666667	0.0571428571428571	0.0625	0.0666666666666667	0.07	

MAP:	0.054795272440504

NDCG:	0.1	0.05	0.0619906233284066	0.0680606056760201	0.0598305811230252	0.0637662056260714	0.0584896106186903	0.0614729649818793	0.069548639235632	0.0731572714949149	

