precision:	0.1	0.15	0.1	0.1	0.08	0.0666666666666667	0.0571428571428571	0.05	0.0555555555555556	0.05	

MAP:	0.0719158506724773

NDCG:	0.1	0.15	0.11402813001478	0.11178788013393	0.0982702661031506	0.0913930574132527	0.086153729870119	0.0836493523151432	0.087958229695216	0.0858585278762234	

