precision:	0.2	0.1	0.0666666666666667	0.05	0.04	0.0333333333333333	0.0428571428571429	0.05	0.0555555555555556	0.05	

MAP:	0.033594198164192

NDCG:	0.2	0.1	0.0760187533431869	0.0638787886479598	0.0561544377732289	0.0506526708213106	0.0547361170325966	0.0579892352220029	0.0606647203680603	0.0571892384794703	

