precision:	0.3	0.25	0.166666666666667	0.15	0.12	0.15	0.157142857142857	0.1375	0.122222222222222	0.11	

MAP:	0.125953939505954

NDCG:	0.3	0.25	0.190046883357967	0.181736651129503	0.164356861661358	0.182434764866319	0.188678827376389	0.182189396089767	0.17685224692923	0.172356851830232	

