precision:	0	0.15	0.166666666666667	0.15	0.12	0.116666666666667	0.1	0.0875	0.0888888888888889	0.08	

MAP:	0.083922373991938

NDCG:	0	0.15	0.161990623328407	0.15209090851403	0.133699771689358	0.133148898482854	0.124454313403952	0.117527685402499	0.118199539873222	0.114213562966228	

