precision:	0.1	0.05	0.0666666666666667	0.075	0.08	0.0666666666666667	0.0714285714285714	0.0625	0.0666666666666667	0.06	

MAP:	0.0656834004458378

NDCG:	0.1	0.05	0.0619906233284066	0.0680606056760201	0.0719227811133856	0.0662515423767487	0.0702058783298619	0.0661691330909324	0.0692177344103114	0.0660565222875562	

