precision:	0.1	0.15	0.133333333333333	0.1	0.08	0.0666666666666667	0.0714285714285714	0.075	0.0888888888888889	0.09	

MAP:	0.092532515837548

NDCG:	0.1	0.15	0.138009376671593	0.122039679509603	0.111878567237926	0.104641186052417	0.107402373209435	0.109602100523101	0.117779808350998	0.120507301121757	

