precision:	0.1	0.1	0.1	0.075	0.08	0.0666666666666667	0.0714285714285714	0.075	0.0777777777777778	0.08	

MAP:	0.0793070841261587

NDCG:	0.1	0.1	0.1	0.0840303028380101	0.0859613905566928	0.0775392683440968	0.0793978732799565	0.0808785494566268	0.0820963125030796	0.0847766841732389	

