precision:	0.1	0.1	0.1	0.1	0.1	0.0833333333333333	0.0857142857142857	0.0875	0.0777777777777778	0.07	

MAP:	0.0817467191249099

NDCG:	0.1	0.1	0.1	0.1	0.1	0.0919380502830151	0.0940710487645159	0.0957703232986015	0.0907992993108671	0.0882669549662779	

