precision:	0.2	0.1	0.133333333333333	0.1	0.08	0.1	0.0857142857142857	0.1	0.0888888888888889	0.09	

MAP:	0.0728225754684761

NDCG:	0.2	0.1	0.123981246656813	0.10418181702806	0.0915839433594359	0.102206075841487	0.0937486168439788	0.103556977116962	0.0975579172405802	0.0994111364128295	

