precision:	0.2	0.25	0.166666666666667	0.175	0.14	0.116666666666667	0.114285714285714	0.1	0.1	0.1	

MAP:	0.105998856018854

NDCG:	0.2	0.25	0.190046883357967	0.197706348291493	0.178395471104666	0.16464105372487	0.162437306884395	0.1534946635116	0.152508472111805	0.152620956464005	

