precision:	0	0.1	0.1	0.15	0.12	0.116666666666667	0.1	0.0875	0.0888888888888889	0.08	

MAP:	0.0765933973906216

NDCG:	0	0.1	0.1	0.13193939432398	0.115985018896254	0.114418876447382	0.104950819405494	0.0974079972431314	0.0975730707644345	0.0931602403954587	

