precision:	0.1	0.2	0.166666666666667	0.125	0.1	0.1	0.0857142857142857	0.075	0.0777777777777778	0.07	

MAP:	0.159927250192869

NDCG:	0.1	0.25	0.25	0.23403030283801	0.223869190566332	0.226429373331399	0.220104912815391	0.218435327778741	0.224390638826669	0.223234074551677	

