precision:	0.1	0.15	0.1	0.1	0.08	0.0833333333333333	0.0714285714285714	0.0625	0.0555555555555556	0.05	

MAP:	0.151298875689482

NDCG:	0.1	0.2	0.188009376671593	0.19790909148597	0.192115828329922	0.197787067066559	0.193832731113445	0.19299793859512	0.192311374242773	0.191733092105277	

