precision:	0.4	0.25	0.166666666666667	0.125	0.1	0.1	0.0857142857142857	0.0875	0.0777777777777778	0.07	

MAP:	0.251345333623786

NDCG:	0.4	0.3	0.26402813001478	0.251888165319553	0.244163814444822	0.251017891848507	0.246826429814	0.25401343626625	0.253555726698019	0.253170205273021	

