precision:	0	0.1	0.1	0.075	0.06	0.05	0.0428571428571429	0.0375	0.0333333333333333	0.03	

MAP:	0.0512470930955089

NDCG:	0	0.1	0.139111728700333	0.126971764005106	0.119247413130375	0.113745646178456	0.109554184143949	0.107884599107299	0.106511470402604	0.105354906127612	

