precision:	0.2	0.2	0.133333333333333	0.1	0.08	0.0833333333333333	0.0714285714285714	0.0625	0.0555555555555556	0.05	

MAP:	0.114972974870214

NDCG:	0.2	0.2	0.152037506686374	0.133827559643533	0.129965384206168	0.165899781453663	0.163804050436409	0.163804050436409	0.163804050436409	0.163804050436409	

