precision:	0	0	0	0.025	0.02	0.0166666666666667	0.0285714285714286	0.025	0.0222222222222222	0.02	

MAP:	0.0152265639778197

NDCG:	0	0	0	0.01596969716199	0.0140386094433072	0.0126631677053277	0.0229923440067797	0.0229923440067797	0.0229923440067797	0.0229923440067797	

