precision:	0	0	0.0333333333333333	0.025	0.04	0.0333333333333333	0.0285714285714286	0.025	0.0222222222222222	0.02	

MAP:	0.0179083814412573

NDCG:	0	0	0.0239812466568131	0.0201515141900502	0.0314703012075041	0.0297346869739134	0.0284124279196456	0.0284124279196456	0.0284124279196456	0.0284124279196456	

