precision:	0.2	0.15	0.166666666666667	0.175	0.16	0.133333333333333	0.128571428571429	0.1125	0.111111111111111	0.1	

MAP:	0.175477495043209

NDCG:	0.2	0.2	0.263092975357146	0.279062672519136	0.279062672519136	0.26926510856856	0.270075847995793	0.270075847995793	0.276444418432908	0.276079563026403	

