precision:	0	0.1	0.1	0.1	0.08	0.0666666666666667	0.0571428571428571	0.05	0.0666666666666667	0.07	

MAP:	0.0836692361886711

NDCG:	0	0.1	0.1	0.13403030283801	0.130168127400645	0.127417243924685	0.125321512907432	0.123651927870781	0.141597862247116	0.146170298068892	

