precision:	0.1	0.05	0.0333333333333333	0.05	0.04	0.05	0.0571428571428571	0.05	0.0444444444444444	0.04	

MAP:	0.0401683167875769

NDCG:	0.1	0.05	0.0380093766715934	0.0479090914859699	0.0421158283299217	0.052693537182624	0.0609269824668226	0.0609269824668226	0.0609269824668226	0.0609269824668226	

