precision:	0	0.05	0.0666666666666667	0.05	0.06	0.0833333333333333	0.0714285714285714	0.075	0.0666666666666667	0.07	

MAP:	0.0974324683818508

NDCG:	0	0.05	0.0619906233284066	0.0520909085140302	0.0673257995833876	0.113880426952895	0.110462436881373	0.12712910354804	0.12712910354804	0.134122212287857	

