precision:	0	0.05	0.0333333333333333	0.1	0.08	0.0666666666666667	0.0571428571428571	0.05	0.0444444444444444	0.04	

MAP:	0.0681139163745063

NDCG:	0	0.05	0.05	0.134974385497787	0.133043297779104	0.131667856041124	0.130619990532498	0.129785198014172	0.129098633661825	0.128520351524329	

