precision:	0	0	0	0.025	0.02	0.0333333333333333	0.0285714285714286	0.025	0.0222222222222222	0.03	

MAP:	0.0212801605746255

NDCG:	0	0	0	0.01596969716199	0.0140386094433072	0.0250190120609303	0.0239711465523035	0.0239711465523035	0.0239711465523035	0.0309642552921209	

