precision:	0.2	0.15	0.1	0.1	0.08	0.0833333333333333	0.0857142857142857	0.0875	0.0777777777777778	0.07	

MAP:	0.157831723450337

NDCG:	0.2	0.2	0.188009376671593	0.23193939432398	0.228077218886614	0.235123899361231	0.240492337162537	0.244769156730249	0.241918001449781	0.23951651910616	

