precision:	0.1	0.05	0.0666666666666667	0.05	0.04	0.0333333333333333	0.0285714285714286	0.025	0.0222222222222222	0.02	

MAP:	0.0749543796053679

NDCG:	0.1	0.05	0.101102352028739	0.101102352028739	0.101102352028739	0.101102352028739	0.101102352028739	0.101102352028739	0.101102352028739	0.101102352028739	

