precision:	0.1	0.05	0.133333333333333	0.125	0.1	0.0833333333333333	0.0714285714285714	0.0625	0.0555555555555556	0.05	

MAP:	0.103020550903866

NDCG:	0.1	0.05	0.149064845342365	0.158169818863786	0.155733057466839	0.153997443233248	0.152675184178981	0.15162179330324	0.150755445547965	0.150025734734955	

