precision:	0	0	0	0	0	0	0	0	0	0.01	

MAP:	0.0262932108866629

NDCG:	0	0	0	0	0	0	0	0	0	0.0301029995663981	

