precision:	0.2	0.3	0.3	0.25	0.22	0.183333333333333	0.157142857142857	0.1375	0.133333333333333	0.12	

MAP:	0.242317098901967

NDCG:	0.2	0.35	0.420658216378905	0.414588234031292	0.415003606123003	0.403639899723555	0.3949825821089	0.392259606196509	0.397348569489162	0.395462294401161	

