precision:	0	0.15	0.133333333333333	0.1	0.08	0.0666666666666667	0.0714285714285714	0.0625	0.0555555555555556	0.05	

MAP:	0.104701539030733

NDCG:	0	0.2	0.2	0.18403030283801	0.173869190566332	0.166631809380823	0.196738807002851	0.196738807002851	0.196738807002851	0.196738807002851	

