precision:	0.2	0.25	0.233333333333333	0.175	0.22	0.2	0.171428571428571	0.175	0.166666666666667	0.15	

MAP:	0.241076451585623

NDCG:	0.2	0.3	0.351102352028739	0.335132654866749	0.388722866422939	0.390098308160919	0.382871265423752	0.397082755536808	0.402402242061362	0.401153760108715	

