precision:	0.3	0.25	0.2	0.2	0.18	0.15	0.128571428571429	0.1125	0.111111111111111	0.11	

MAP:	0.201776405279138

NDCG:	0.3	0.3	0.276018753343187	0.328979073833583	0.330910161552266	0.32248803933967	0.316071736029737	0.316071736029737	0.322440306466852	0.337126950843546	

