precision:	0.1	0.1	0.1	0.075	0.06	0.05	0.0428571428571429	0.0375	0.0333333333333333	0.03	

MAP:	0.0693940070579472

NDCG:	0.1	0.1	0.139111728700333	0.133041746352719	0.129179570915354	0.126428687439394	0.124332956422141	0.12266337138549	0.121290242680796	0.120133678405804	

