precision:	0.1	0.1	0.0666666666666667	0.075	0.08	0.0833333333333333	0.0714285714285714	0.0625	0.0666666666666667	0.06	

MAP:	0.0644893281038376

NDCG:	0.1	0.1	0.0760187533431869	0.0798484858099498	0.0861474226442619	0.0906339203538118	0.0857770021795401	0.0849422096612149	0.09158408506149	0.0910058029239942	

