precision:	0	0.05	0.1	0.1	0.08	0.0666666666666667	0.0571428571428571	0.05	0.0555555555555556	0.05	

MAP:	0.0600986374224629

NDCG:	0	0.05	0.125083598685552	0.131153581033166	0.122923556480171	0.117061617032642	0.112595761452494	0.110926176415843	0.116881487463771	0.115724923188779	

