precision:	0.1	0.1	0.0666666666666667	0.075	0.06	0.0666666666666667	0.0571428571428571	0.05	0.0444444444444444	0.05	

MAP:	0.0457897734847056

NDCG:	0.1	0.1	0.0760187533431869	0.0798484858099498	0.0701930472165361	0.0756716828822409	0.0704323553391072	0.0687627703024566	0.0673896415977619	0.0732261860625877	

