precision:	0.1	0.15	0.1	0.1	0.14	0.133333333333333	0.128571428571429	0.1125	0.1	0.09	

MAP:	0.149744555041793

NDCG:	0.1	0.15	0.126018753343187	0.16387878864796	0.236710296911964	0.242572236359493	0.247038091939641	0.247038091939641	0.247038091939641	0.247038091939641	

