precision:	0.1	0.1	0.0666666666666667	0.1	0.08	0.0833333333333333	0.0714285714285714	0.075	0.0777777777777778	0.07	

MAP:	0.113326728787552

NDCG:	0.1	0.1	0.0880093766715934	0.12290909148597	0.117115828329922	0.13233214347771	0.12918854695183	0.136043242359059	0.140352119739132	0.138252417920139	

