precision:	0	0	0	0	0.02	0.0333333333333333	0.0285714285714286	0.025	0.0222222222222222	0.02	

MAP:	0.049154060275458

NDCG:	0	0	0	0	0.0430676558073393	0.0528652197579149	0.0520544803306819	0.0514085966723368	0.0508773979782314	0.0504299778417037	

