precision:	0	0	0.0333333333333333	0.05	0.04	0.0333333333333333	0.0285714285714286	0.025	0.0222222222222222	0.03	

MAP:	0.0204077610756285

NDCG:	0	0	0.0239812466568131	0.0361212113520402	0.0317533622364107	0.0300177480028201	0.0286954889485522	0.0276420980728117	0.0267757503175368	0.0374880019991672	

