precision:	0	0	0.0333333333333333	0.05	0.04	0.0333333333333333	0.0285714285714286	0.025	0.0222222222222222	0.02	

MAP:	0.0741861043163108

NDCG:	0	0	0.0630929753571457	0.0790626725191357	0.077131584800453	0.0757561430624734	0.0747082775538467	0.0738734850355214	0.073186920683174	0.0726086385456782	

