precision:	0.2	0.2	0.133333333333333	0.15	0.14	0.116666666666667	0.128571428571429	0.1375	0.144444444444444	0.13	

MAP:	0.213522968791925

NDCG:	0.2	0.25	0.21402813001478	0.264822871307736	0.269190720423366	0.262504212444361	0.286597569354175	0.30371198944409	0.319107233063669	0.317858751111022	

