precision:	0.2	0.25	0.333333333333333	0.25	0.24	0.233333333333333	0.2	0.175	0.155555555555556	0.14	

MAP:	0.261723111555107

NDCG:	0.2	0.3	0.418620709692532	0.388921565249403	0.408647814527941	0.423394369863892	0.416940799089711	0.415168357076975	0.413710634977371	0.412482819043216	

