precision:	0.2	0.35	0.333333333333333	0.25	0.26	0.233333333333333	0.2	0.175	0.155555555555556	0.14	

MAP:	0.266448885922826

NDCG:	0.2	0.4	0.446676969722092	0.412497325517262	0.441464946705323	0.443198658578874	0.435106301084797	0.432717664911151	0.430753161862127	0.429098492465991	

