precision:	0.2	0.25	0.233333333333333	0.2	0.2	0.166666666666667	0.142857142857143	0.125	0.111111111111111	0.1	

MAP:	0.246502714875861

NDCG:	0.2	0.3	0.351102352028739	0.354137343202546	0.369823979335629	0.361401857123033	0.3549855538131	0.352596917639454	0.35063241459043	0.348977745194294	

