precision:	0	0.1	0.133333333333333	0.1	0.14	0.133333333333333	0.114285714285714	0.1	0.0888888888888889	0.09	

MAP:	0.171277551148994

NDCG:	0	0.15	0.225083598685552	0.221253866218789	0.261034600746041	0.267911809435938	0.264876228733279	0.264157177596284	0.263565803251954	0.268796698227578	

