precision:	0.1	0.15	0.133333333333333	0.125	0.16	0.166666666666667	0.157142857142857	0.1625	0.144444444444444	0.13	

MAP:	0.204823369921695

NDCG:	0.1	0.2	0.239111728700333	0.249011443514709	0.285435676282859	0.311823094759163	0.319153957822203	0.336268377912118	0.335219293999557	0.334335667453415	

