precision:	0.3	0.25	0.233333333333333	0.175	0.18	0.183333333333333	0.157142857142857	0.1375	0.122222222222222	0.11	

MAP:	0.235862641792412

NDCG:	0.3	0.3	0.351102352028739	0.335132654866749	0.353433490104869	0.367164776198451	0.359937733461285	0.357549097287639	0.355584594238615	0.353929924842479	

