precision:	0.1	0.15	0.166666666666667	0.15	0.16	0.15	0.128571428571429	0.125	0.111111111111111	0.1	

MAP:	0.246970516551943

NDCG:	0.1	0.25	0.28597186998522	0.28821211986607	0.317202559349828	0.332058702002006	0.328640711930484	0.334158133346084	0.332327295073158	0.330785209373169	

