precision:	0.1	0.1	0.0666666666666667	0.075	0.08	0.0833333333333333	0.0714285714285714	0.075	0.0666666666666667	0.06	

MAP:	0.146122031794149

NDCG:	0.1	0.15	0.138009376671593	0.18193939432398	0.190169418876975	0.20093782844057	0.197939515202158	0.209890256289027	0.209298881944697	0.208800776823553	

