precision:	0.1	0.15	0.133333333333333	0.1	0.1	0.0833333333333333	0.0857142857142857	0.0875	0.0888888888888889	0.09	

MAP:	0.0962238218357353

NDCG:	0.1	0.15	0.138009376671593	0.122039679509603	0.123970767228286	0.11554864501569	0.11740724995155	0.11888792612822	0.120105689174673	0.122786060844832	

