precision:	0	0.1	0.1	0.1	0.1	0.1	0.0857142857142857	0.075	0.0777777777777778	0.07	

MAP:	0.0741243378853957

NDCG:	0	0.1	0.1	0.1	0.1	0.1	0.0917250917542071	0.0851328034914996	0.0860796313731677	0.0823252601580395	

