precision:	0	0.15	0.133333333333333	0.125	0.1	0.1	0.0857142857142857	0.075	0.0777777777777778	0.07	

MAP:	0.076085546505953

NDCG:	0	0.15	0.138009376671593	0.13193939432398	0.115985018896254	0.114418876447382	0.104950819405494	0.0974079972431314	0.0975730707644345	0.0931602403954587	

