precision:	0.1	0.05	0.0666666666666667	0.075	0.1	0.0833333333333333	0.0714285714285714	0.075	0.0666666666666667	0.08	

MAP:	0.0764093857992764

NDCG:	0.1	0.05	0.0619906233284066	0.0680606056760201	0.0840149811037459	0.0757835596020424	0.0695125395795776	0.0717036753271207	0.0671371762579129	0.0767890783797983	

