precision:	0.2	0.2	0.2	0.15	0.12	0.1	0.1	0.0875	0.0777777777777778	0.07	

MAP:	0.0977192521966052

NDCG:	0.2	0.2	0.2	0.16806060567602	0.147738381132665	0.136014502237606	0.135357699323103	0.127647444272127	0.121306244334057	0.117533694158053	

