precision:	0	0.05	0.1	0.125	0.1	0.0833333333333333	0.0714285714285714	0.0625	0.0555555555555556	0.05	

MAP:	0.044913507303913

NDCG:	0	0.05	0.0859718699852197	0.10418181702806	0.0915839433594359	0.0826109479403363	0.0757749677972937	0.0703290159725115	0.0658500630525724	0.062077512876569	

