precision:	0.1	0.05	0.0666666666666667	0.05	0.04	0.05	0.0428571428571429	0.0625	0.0666666666666667	0.07	

MAP:	0.0401274231254481

NDCG:	0.1	0.05	0.0619906233284066	0.0520909085140302	0.045791971679718	0.0511030379207437	0.0468743084219894	0.0600515282657085	0.0631917139805167	0.0662014974277577	

