precision:	0.2	0.15	0.1	0.075	0.06	0.0833333333333333	0.0857142857142857	0.1	0.0888888888888889	0.08	

MAP:	0.0852237457424664

NDCG:	0.2	0.15	0.11402813001478	0.101888165319553	0.0941638144448223	0.109321362389105	0.112594069173158	0.12238831015647	0.117706316603075	0.114148269984463	

