precision:	0	0.05	0.0666666666666667	0.1	0.1	0.0833333333333333	0.0857142857142857	0.075	0.0777777777777778	0.07	

MAP:	0.0690762731342068

NDCG:	0	0.05	0.0619906233284066	0.0840303028380101	0.0859613905566928	0.0775392683440968	0.0793978732799565	0.0736915430043764	0.0753670156190608	0.0720394978659141	

