precision:	0	0	0	0	0	0	0	0.0125	0.0444444444444444	0.05	

MAP:	0.024016150646672

NDCG:	0	0	0	0	0	0	0	0.00718700645225042	0.0283238141548002	0.0329375820135606	

