precision:	0.1	0.1	0.0666666666666667	0.05	0.08	0.0666666666666667	0.0857142857142857	0.0875	0.0777777777777778	0.08	

MAP:	0.0800006021205347

NDCG:	0.1	0.1	0.0760187533431869	0.0699487709955733	0.0902709955389286	0.0863353710358824	0.0998868742890564	0.103495808188575	0.100095358944446	0.103757713137973	

