precision:	0	0.05	0.1	0.1	0.08	0.0833333333333333	0.0714285714285714	0.0625	0.0666666666666667	0.07	

MAP:	0.071032750183209

NDCG:	0	0.05	0.0859718699852197	0.0882121198660703	0.0775453339161287	0.0797453441855842	0.0731464901239353	0.0678894471591334	0.069934430334551	0.072834017799316	

