precision:	0	0.1	0.133333333333333	0.125	0.1	0.1	0.1	0.0875	0.0888888888888889	0.08	

MAP:	0.0808407019854339

NDCG:	0	0.1	0.123981246656813	0.12015151419005	0.105622552802743	0.10507167959624	0.10465200276313	0.0971306565721346	0.097313392729421	0.094801714403324	

