precision:	0	0.05	0.0333333333333333	0.1	0.1	0.1	0.1	0.1125	0.122222222222222	0.11	

MAP:	0.0653176249641555

NDCG:	0	0.05	0.0380093766715934	0.0798484858099498	0.0822852472068965	0.0853963031784667	0.0877664277413613	0.0968416175876775	0.104305390564183	0.0995814267229467	

