precision:	0	0	0.0666666666666667	0.05	0.06	0.0833333333333333	0.0714285714285714	0.075	0.0888888888888889	0.1	

MAP:	0.0609566592651986

NDCG:	0	0	0.0479624933136263	0.0441327608468634	0.053788199440277	0.0704629720807505	0.0666166519508582	0.0707394490736825	0.0804987608918651	0.0887188726401836	

