precision:	0	0.05	0.0333333333333333	0.025	0.04	0.0666666666666667	0.0714285714285714	0.0875	0.0777777777777778	0.08	

MAP:	0.0750528255312531

NDCG:	0	0.05	0.0380093766715934	0.0380093766715934	0.0501015766619538	0.0695761505310678	0.0761377371284693	0.0885520970480867	0.0860249865597519	0.0903964848917434	

