precision:	0.1	0.05	0.0333333333333333	0.05	0.06	0.05	0.0571428571428571	0.0625	0.0666666666666667	0.06	

MAP:	0.0773352381635473

NDCG:	0.1	0.05	0.0380093766715934	0.0479090914859699	0.054208028320282	0.0488969620792563	0.0583899964801352	0.0623535742404143	0.0656133677079259	0.0656133677079259	

