precision:	0.3	0.15	0.1	0.125	0.12	0.1	0.0857142857142857	0.075	0.0666666666666667	0.07	

MAP:	0.0656222630941864

NDCG:	0.3	0.15	0.11402813001478	0.12775757729592	0.124401075536818	0.112212800605895	0.102927294315722	0.0955299030321245	0.0894460138690162	0.0979965656761774	

