precision:	0.7	0.35	0.233333333333333	0.175	0.14	0.116666666666667	0.1	0.1	0.0888888888888889	0.1	

MAP:	0.148236745984832

NDCG:	0.7	0.35	0.278056260029561	0.241636365943879	0.222325488757052	0.208571071377256	0.198092416290989	0.196931497559987	0.189608144468282	0.199940081774943	

