precision:	0.2	0.25	0.233333333333333	0.2	0.18	0.15	0.128571428571429	0.125	0.122222222222222	0.11	

MAP:	0.207823222348206

NDCG:	0.2	0.3	0.3	0.290100285185624	0.288078895880388	0.27497957524735	0.264999998578427	0.269464029118286	0.274095282842708	0.271823486329709	

