precision:	0.2	0.15	0.166666666666667	0.175	0.14	0.116666666666667	0.114285714285714	0.1	0.1	0.09	

MAP:	0.192757415489906

NDCG:	0.2	0.2	0.275083598685552	0.306153581033166	0.297923556480171	0.292061617032641	0.295870669698286	0.293387768114678	0.298674177446241	0.296954207988631	

