precision:	0	0	0	0	0	0.0166666666666667	0.0285714285714286	0.025	0.0222222222222222	0.02	

MAP:	0.0279886323239592

NDCG:	0	0	0	0	0	0.0123558443556026	0.0237328861656814	0.0237328861656814	0.0237328861656814	0.0237328861656814	

