precision:	0.1	0.3	0.266666666666667	0.2	0.18	0.15	0.128571428571429	0.125	0.122222222222222	0.11	

MAP:	0.228017401638517

NDCG:	0.1	0.35	0.396676969722092	0.378467022679252	0.383250243886592	0.374997593458715	0.368710400406954	0.374227821822554	0.378765553986743	0.376858612880249	

