precision:	0.2	0.15	0.133333333333333	0.1	0.08	0.0666666666666667	0.0571428571428571	0.05	0.0444444444444444	0.04	

MAP:	0.14348227538331

NDCG:	0.2	0.2	0.2	0.18403030283801	0.173869190566332	0.166631809380823	0.161118088292049	0.161118088292049	0.161118088292049	0.161118088292049	

