precision:	0	0.05	0.0666666666666667	0.075	0.08	0.0666666666666667	0.0714285714285714	0.0625	0.0555555555555556	0.05	

MAP:	0.0680148811805838

NDCG:	0	0.05	0.0619906233284066	0.0710955968498269	0.0768888600058751	0.0751532457722844	0.0865302875823632	0.0865302875823632	0.0865302875823632	0.0865302875823632	

