precision:	0.2	0.1	0.133333333333333	0.15	0.14	0.15	0.157142857142857	0.1625	0.144444444444444	0.13	

MAP:	0.118289454820823

NDCG:	0.2	0.1	0.123981246656813	0.142191193699654	0.145963067550466	0.160879094671136	0.181386416206913	0.193646674891979	0.190418290169672	0.187699073520146	

