precision:	0.2	0.15	0.133333333333333	0.1	0.08	0.0833333333333333	0.0714285714285714	0.0625	0.0555555555555556	0.05	

MAP:	0.0618057134151028

NDCG:	0.2	0.15	0.138009376671593	0.11596969716199	0.101946409452947	0.113036399386797	0.106749206335036	0.101740451225084	0.0989941938156951	0.0966810652657117	

