precision:	0.1	0.25	0.2	0.175	0.14	0.133333333333333	0.114285714285714	0.1	0.0888888888888889	0.08	

MAP:	0.100420176277979

NDCG:	0.1	0.25	0.21402813001478	0.201888165319553	0.182071614454462	0.188522998093226	0.182235805041465	0.177227049931513	0.173107663817429	0.169637970992454	

