precision:	0.2	0.2	0.2	0.2	0.18	0.15	0.142857142857143	0.125	0.133333333333333	0.13	

MAP:	0.149591046078428

NDCG:	0.2	0.2	0.211990623328407	0.21806060567602	0.209830581123025	0.196921961200879	0.20194914002161	0.195167942898923	0.211732648961635	0.212399284892769	

