precision:	0	0.05	0.0666666666666667	0.1	0.08	0.0833333333333333	0.1	0.0875	0.0888888888888889	0.08	

MAP:	0.0486198946906833

NDCG:	0	0.05	0.0619906233284066	0.0840303028380101	0.0763059519632791	0.0806017489619364	0.0938757629074065	0.0892959909862174	0.0918979870064009	0.0883606064062804	

