precision:	0	0	0	0.025	0.04	0.0333333333333333	0.0285714285714286	0.025	0.0333333333333333	0.04	

MAP:	0.0325812740391806

NDCG:	0	0	0	0.0190046883357967	0.0310968883261571	0.02991214729907	0.0290095650779117	0.0282905139409162	0.0356887088763429	0.0409196038519665	

