precision:	0.3	0.15	0.1	0.1	0.08	0.0833333333333333	0.0857142857142857	0.0875	0.0777777777777778	0.07	

MAP:	0.0987237722015813

NDCG:	0.3	0.15	0.11402813001478	0.117857862481543	0.10820242388813	0.113873662624766	0.127729686027054	0.137249217037598	0.13465832528645	0.132476058737435	

