precision:	0	0.05	0.0666666666666667	0.05	0.04	0.0333333333333333	0.0285714285714286	0.025	0.0222222222222222	0.02	

MAP:	0.0439198112711632

NDCG:	0	0.05	0.0619906233284066	0.0581608908616437	0.055724129464697	0.0539885152311063	0.0526662561768385	0.0516128653010979	0.050746517545823	0.050016806732813	

