precision:	0.2	0.15	0.1	0.075	0.12	0.133333333333333	0.114285714285714	0.1125	0.1	0.11	

MAP:	0.0886187654156168

NDCG:	0.2	0.15	0.11402813001478	0.101888165319553	0.13471796194498	0.147506027835089	0.140698661931032	0.152661223729057	0.150165521985927	0.166130233267816	

