precision:	0	0	0	0	0	0.0333333333333333	0.0285714285714286	0.025	0.0333333333333333	0.05	

MAP:	0.0295777605897578

NDCG:	0	0	0	0	0	0.0291402043123027	0.0283294648850696	0.0276835812267246	0.0335209529697339	0.0441666776202365	

