precision:	0.1	0.05	0.0333333333333333	0.05	0.08	0.0666666666666667	0.0571428571428571	0.0625	0.0555555555555556	0.05	

MAP:	0.0505812475230952

NDCG:	0.1	0.05	0.0380093766715934	0.0479090914859699	0.0663002283106424	0.0598044210425296	0.0548556600743326	0.0581001866976162	0.0544000353836833	0.0517815624250545	

