precision:	0	0.1	0.0666666666666667	0.05	0.08	0.0666666666666667	0.0714285714285714	0.0625	0.0555555555555556	0.05	

MAP:	0.0581262506447334

NDCG:	0	0.1	0.0760187533431869	0.0638787886479598	0.0842010131913151	0.0790806476611819	0.0834546604474045	0.07975225494722	0.0767072592404295	0.0741425082160452	

