precision:	0	0	0.0333333333333333	0.025	0.02	0.0333333333333333	0.0428571428571429	0.05	0.0444444444444444	0.04	

MAP:	0.0303599690949063

NDCG:	0	0	0.0239812466568131	0.0201515141900502	0.0177147527931035	0.0257767025100884	0.0319186122743805	0.040271084325412	0.038384419562595	0.0367953121059529	

