precision:	0	0	0	0	0	0.0333333333333333	0.0285714285714286	0.0375	0.0444444444444444	0.05	

MAP:	0.0251512926878272

NDCG:	0	0	0	0	0	0.0195951279011512	0.0179736490466851	0.0238688881822455	0.0381220250650894	0.0425706634638044	

