precision:	0	0.05	0.0666666666666667	0.05	0.04	0.05	0.0428571428571429	0.0375	0.0444444444444444	0.04	

MAP:	0.0325714990568444

NDCG:	0	0.05	0.0619906233284066	0.0520909085140302	0.045791971679718	0.0511030379207437	0.0468743084219894	0.0435054488512533	0.0565080175364647	0.0541743223119353	

