precision:	0.2	0.2	0.133333333333333	0.1	0.1	0.0833333333333333	0.0714285714285714	0.075	0.0777777777777778	0.07	

MAP:	0.08312123183016

NDCG:	0.2	0.2	0.152037506686374	0.12775757729592	0.132125426411549	0.125438918432544	0.120344874176878	0.123473659418832	0.126046888533996	0.122485278031367	

