precision:	0.1	0.1	0.133333333333333	0.1	0.12	0.1	0.0857142857142857	0.0875	0.0777777777777778	0.08	

MAP:	0.082741396874397

NDCG:	0.1	0.1	0.123981246656813	0.10418181702806	0.115768343340157	0.104425865866883	0.0957847212815236	0.0960876736350008	0.0899682624581708	0.0925831715327826	

