precision:	0	0.05	0.1	0.1	0.08	0.0833333333333333	0.0714285714285714	0.075	0.0666666666666667	0.06	

MAP:	0.0740155400304052

NDCG:	0	0.05	0.0859718699852197	0.0882121198660703	0.0775453339161287	0.0797453441855842	0.0731464901239353	0.0750764536113838	0.070295156781455	0.0674450781309602	

