precision:	0.3	0.2	0.233333333333333	0.25	0.28	0.233333333333333	0.2	0.175	0.166666666666667	0.15	

MAP:	0.272873648158422

NDCG:	0.3	0.2	0.282648839707312	0.314588234031292	0.383919010335103	0.371370562908569	0.361810663072755	0.360256819417434	0.36630732047338	0.36523093321474	

