precision:	0.2	0.3	0.266666666666667	0.225	0.22	0.216666666666667	0.185714285714286	0.1625	0.155555555555556	0.14	

MAP:	0.28399604992605

NDCG:	0.2	0.35	0.389111728700333	0.389111728700333	0.410645556604002	0.423001400959605	0.414726492713812	0.413673101838071	0.419175324519911	0.418080758300396	

