precision:	0	0.1	0.1	0.125	0.14	0.116666666666667	0.1	0.1	0.0888888888888889	0.08	

MAP:	0.0966255932356384

NDCG:	0	0.1	0.1	0.122039679509603	0.140340514747723	0.131918392535127	0.125502089225194	0.130022195331023	0.127371127929652	0.12513817639602	

