precision:	0.2	0.2	0.2	0.225	0.28	0.233333333333333	0.2	0.175	0.166666666666667	0.15	

MAP:	0.234540314825089

NDCG:	0.2	0.2	0.251102352028739	0.283041746352719	0.3739063505602	0.361357903133665	0.351798003297852	0.350244159642531	0.356294660698477	0.355218273439837	

