precision:	0.2	0.2	0.233333333333333	0.25	0.28	0.233333333333333	0.2	0.175	0.166666666666667	0.15	

MAP:	0.24757305637455

NDCG:	0.2	0.2	0.314195327385885	0.346134721709865	0.393931670110007	0.381383222683472	0.371823322847658	0.370269479192338	0.376319980248283	0.375243592989643	

