precision:	0	0.1	0.166666666666667	0.125	0.12	0.133333333333333	0.128571428571429	0.1125	0.122222222222222	0.13	

MAP:	0.181173924621951

NDCG:	0	0.1	0.226185950714291	0.216286235899915	0.225941674493329	0.252161523544954	0.257400851088087	0.257400851088087	0.279542665364489	0.293164027437618	

