precision:	0.3	0.15	0.166666666666667	0.275	0.26	0.233333333333333	0.2	0.175	0.166666666666667	0.15	

MAP:	0.253358849902968

NDCG:	0.3	0.15	0.173981246656813	0.330920640980793	0.340814013957828	0.342969600597934	0.333409700762121	0.3318558571068	0.337906358162746	0.336829970904106	

