precision:	0.3	0.15	0.133333333333333	0.15	0.12	0.116666666666667	0.1	0.0875	0.0888888888888889	0.08	

MAP:	0.158980516922925

NDCG:	0.3	0.15	0.15	0.2	0.193701063165688	0.199012129406714	0.194783399907959	0.194783399907959	0.202111839660582	0.202111839660582	

