precision:	0.2	0.2	0.2	0.2	0.28	0.233333333333333	0.2	0.175	0.166666666666667	0.15	

MAP:	0.234123648158422

NDCG:	0.2	0.2	0.251102352028739	0.267072049190729	0.371959941107253	0.359602194391611	0.350187577843266	0.348749475569275	0.354895166633238	0.35389895639095	

