precision:	0.2	0.15	0.133333333333333	0.125	0.1	0.0833333333333333	0.0857142857142857	0.0875	0.0888888888888889	0.09	

MAP:	0.180201002667467

NDCG:	0.2	0.2	0.211990623328407	0.21806060567602	0.211761668841708	0.207275171132158	0.21213208930643	0.21882223322849	0.225284325225837	0.231547723152645	

