precision:	0.2	0.3	0.3	0.25	0.22	0.2	0.185714285714286	0.175	0.166666666666667	0.15	

MAP:	0.276180656926302

NDCG:	0.2	0.35	0.420658216378905	0.414588234031292	0.415003606123003	0.413437463674131	0.412244314878036	0.417264873763445	0.422353837056098	0.420467561968097	

