precision:	0.3	0.2	0.2	0.25	0.28	0.233333333333333	0.2	0.175	0.166666666666667	0.15	

MAP:	0.264540314825089

NDCG:	0.3	0.2	0.251102352028739	0.308041746352719	0.37737252265653	0.364824075229996	0.355264175394182	0.353710331738862	0.359760832794807	0.358684445536167	

