precision:	0.2	0.1	0.0666666666666667	0.05	0.04	0.05	0.0571428571428571	0.05	0.0444444444444444	0.04	

MAP:	0.0947191888485103

NDCG:	0.2	0.1	0.0760187533431869	0.0699487709955733	0.0660865955582079	0.0731332760328243	0.0785017138341308	0.0755915269495922	0.0731980812373555	0.0711821203187317	

