precision:	0.2	0.1	0.133333333333333	0.125	0.16	0.166666666666667	0.142857142857143	0.125	0.111111111111111	0.1	

MAP:	0.131498895407281

NDCG:	0.2	0.1	0.170658216378905	0.174487948845668	0.214828285665722	0.228919744254915	0.22196709506339	0.218932575231399	0.216436873488269	0.214334783955606	

