precision:	0.2	0.25	0.233333333333333	0.25	0.28	0.233333333333333	0.2	0.175	0.166666666666667	0.15	

MAP:	0.264469961014079

NDCG:	0.2	0.3	0.351102352028739	0.383041746352719	0.430838694752861	0.418290247326326	0.408730347490513	0.407176503835192	0.413227004891137	0.412150617632497	

