precision:	0.2	0.2	0.2	0.2	0.26	0.216666666666667	0.2	0.175	0.166666666666667	0.15	

MAP:	0.228409362444137

NDCG:	0.2	0.2	0.251102352028739	0.267072049190729	0.328892285299914	0.316534538584272	0.342740640746729	0.341302538472738	0.347448229536701	0.346452019294413	

