precision:	0.1	0.2	0.166666666666667	0.15	0.22	0.25	0.214285714285714	0.2	0.188888888888889	0.19	

MAP:	0.250620041630742

NDCG:	0.1	0.25	0.25	0.28403030283801	0.34971271438456	0.386760857468272	0.377820493082714	0.383642564739624	0.388430852570072	0.399457059317483	

