precision:	0.2	0.2	0.233333333333333	0.175	0.2	0.2	0.171428571428571	0.1625	0.155555555555556	0.14	

MAP:	0.249765760177376

NDCG:	0.2	0.2	0.282648839707312	0.266679142545322	0.297072177773802	0.309618722840297	0.301489097881973	0.334103380078311	0.339880576171096	0.339017615643447	

