precision:	0.1	0.2	0.2	0.175	0.18	0.15	0.128571428571429	0.1125	0.1	0.09	

MAP:	0.232985523228086

NDCG:	0.1	0.25	0.313092975357146	0.322197948878566	0.341746760449015	0.336075521712378	0.331754949419698	0.331035898282703	0.330444523938373	0.329946418817229	

