precision:	0.2	0.15	0.1	0.1	0.12	0.133333333333333	0.128571428571429	0.1125	0.111111111111111	0.1	

MAP:	0.179233586762506

NDCG:	0.2	0.15	0.126018753343187	0.12984848580995	0.175352903014236	0.189444361603429	0.190766620657697	0.190047569520701	0.195824765613487	0.194961805085837	

