precision:	0.1	0.1	0.0666666666666667	0.1	0.08	0.0666666666666667	0.0571428571428571	0.05	0.0444444444444444	0.05	

MAP:	0.0468576041248191

NDCG:	0.1	0.1	0.0760187533431869	0.0958181829719397	0.0861627443785261	0.0792855356886282	0.0740462081454945	0.0723766231088439	0.0710034944041493	0.0755759302259253	

