precision:	0.3	0.2	0.166666666666667	0.2	0.26	0.216666666666667	0.185714285714286	0.1625	0.155555555555556	0.15	

MAP:	0.229522163769018

NDCG:	0.3	0.2	0.188009376671593	0.253979073833583	0.308021030453499	0.295663283737857	0.286248667189512	0.284810564915521	0.290956255979484	0.305011545520395	

