precision:	0.1	0.1	0.0666666666666667	0.05	0.06	0.05	0.0428571428571429	0.05	0.0444444444444444	0.06	

MAP:	0.104009040819464

NDCG:	0.1	0.1	0.0760187533431869	0.0699487709955733	0.0781787955485683	0.0742431710455221	0.0712448578071102	0.0789883926049108	0.0789883926049108	0.0917105014414959	

