precision:	0.2	0.2	0.2	0.25	0.26	0.216666666666667	0.2	0.175	0.166666666666667	0.15	

MAP:	0.25239712162685

NDCG:	0.2	0.25	0.313092975357146	0.364037058016922	0.395464258897627	0.382915811471092	0.386895124783197	0.385341281127876	0.391391782183821	0.390315394925181	

