precision:	0.1	0.05	0.0333333333333333	0.025	0.04	0.05	0.0428571428571429	0.0375	0.0333333333333333	0.03	

MAP:	0.0695238706743121

NDCG:	0.1	0.05	0.0380093766715934	0.0319393943239799	0.0401694188769748	0.0485896387295312	0.0455913254911194	0.0448722743541239	0.0442809000097942	0.0437827948886501	

