precision:	0.3	0.2	0.2	0.25	0.28	0.233333333333333	0.2	0.175	0.166666666666667	0.15	

MAP:	0.264073110185962

NDCG:	0.3	0.2	0.219555864350166	0.301495258674146	0.370826034977958	0.358277587551423	0.348717687715609	0.347163844060289	0.353214345116234	0.352137957857594	

