precision:	0.2	0.2	0.2	0.15	0.16	0.133333333333333	0.128571428571429	0.1125	0.1	0.09	

MAP:	0.218884709490023

NDCG:	0.2	0.25	0.313092975357146	0.303193260542769	0.325356271218254	0.319685032481618	0.323639368434731	0.322325599108192	0.321245106450426	0.320335024822178	

