precision:	0.1	0.2	0.2	0.225	0.28	0.233333333333333	0.2	0.175	0.155555555555556	0.15	

MAP:	0.234635326402659

NDCG:	0.1	0.2	0.290214080729072	0.325983207519815	0.388309117307263	0.376311543087232	0.367171320084528	0.365617476429208	0.364339537732531	0.370256259213708	

