precision:	0.2	0.2	0.2	0.25	0.28	0.233333333333333	0.2	0.175	0.155555555555556	0.15	

MAP:	0.264673792458567

NDCG:	0.2	0.2	0.258667593050499	0.344436719841242	0.385228801725021	0.37323122750499	0.364091004502286	0.362537160846965	0.361259222150288	0.367175943631466	

