precision:	0.1	0.05	0.0666666666666667	0.075	0.1	0.1	0.0857142857142857	0.0875	0.0777777777777778	0.09	

MAP:	0.137772241077504

NDCG:	0.1	0.05	0.0695558643501663	0.113485882002553	0.174225190276196	0.181271870750813	0.178365400306326	0.188719723835195	0.186815396436395	0.202382374616284	

