precision:	0.1	0.05	0.0333333333333333	0.05	0.04	0.0833333333333333	0.0714285714285714	0.0875	0.0777777777777778	0.07	

MAP:	0.0956899548400037

NDCG:	0.1	0.05	0.0380093766715934	0.0479090914859699	0.0421158283299217	0.0699404753727367	0.0651753999923905	0.0806624695879917	0.0806624695879917	0.0806624695879917	

