precision:	0.2	0.15	0.133333333333333	0.2	0.24	0.2	0.171428571428571	0.1625	0.155555555555556	0.14	

MAP:	0.185974183971038

NDCG:	0.2	0.15	0.138009376671593	0.219948770995573	0.259967439906446	0.247418992479911	0.237859092644098	0.252971915655444	0.259022416711389	0.257946029452749	

