precision:	0.1	0.1	0.0666666666666667	0.075	0.06	0.0833333333333333	0.0857142857142857	0.0875	0.0777777777777778	0.07	

MAP:	0.0610983394171275

NDCG:	0.1	0.1	0.0760187533431869	0.0828834769837565	0.0751591261090256	0.0918107674632855	0.104618925356947	0.109490463114201	0.10712842614717	0.105138920310653	

