precision:	0.1	0.25	0.2	0.175	0.14	0.133333333333333	0.128571428571429	0.1125	0.111111111111111	0.1	

MAP:	0.0982217228206264

NDCG:	0.1	0.25	0.21402813001478	0.201888165319553	0.182071614454462	0.18361652797716	0.18479350374396	0.17854414678612	0.180732883417116	0.176403793948509	

