precision:	0.1	0.15	0.1	0.1	0.08	0.116666666666667	0.128571428571429	0.1125	0.1	0.09	

MAP:	0.10778349931375

NDCG:	0.1	0.15	0.126018753343187	0.135918468157563	0.130125205001515	0.162737670488398	0.185916467645106	0.184675865797218	0.183655548789676	0.182796152146043	

