precision:	0	0.05	0.0666666666666667	0.05	0.08	0.0666666666666667	0.0714285714285714	0.0625	0.0555555555555556	0.05	

MAP:	0.0783422959137065

NDCG:	0	0.05	0.0619906233284066	0.0581608908616437	0.0799085294454177	0.07698817418474	0.0883025460572313	0.0875834949202358	0.0869921205759062	0.0864940154547621	

