precision:	0	0	0	0	0	0.0166666666666667	0.0285714285714286	0.025	0.0333333333333333	0.04	

MAP:	0.0343786857789384

NDCG:	0	0	0	0	0	0.014704034066641	0.0229789423124339	0.022384224122891	0.0282636762465692	0.0332158444297275	

