precision:	0.1	0.05	0.0666666666666667	0.075	0.06	0.0666666666666667	0.0714285714285714	0.0875	0.0777777777777778	0.07	

MAP:	0.0713336579851219

NDCG:	0.1	0.05	0.0619906233284066	0.071890338142783	0.0660970749867348	0.0731437554613513	0.0792587077132486	0.0941352020910533	0.092304363818127	0.0907622781181382	

