precision:	0.1	0.05	0.1	0.1	0.08	0.0666666666666667	0.0714285714285714	0.0625	0.0555555555555556	0.06	

MAP:	0.0628154538348916

NDCG:	0.1	0.05	0.0859718699852197	0.0920418523328333	0.0838118277798383	0.0796855025658996	0.0943522653954205	0.0918478878404447	0.0897881947834027	0.0937823484676828	

