precision:	0.1	0.1	0.1	0.1	0.08	0.0666666666666667	0.0571428571428571	0.05	0.0444444444444444	0.04	

MAP:	0.0414234300824892

NDCG:	0.1	0.1	0.1	0.1	0.0879078000096396	0.0792949770861511	0.0748291215060031	0.0712713530752867	0.0690318766153171	0.0671456015273154	

