precision:	0.2	0.2	0.2	0.175	0.16	0.166666666666667	0.142857142857143	0.1375	0.144444444444444	0.14	

MAP:	0.160150788233938

NDCG:	0.2	0.2	0.211990623328407	0.205125899687837	0.200758050572207	0.219909990223042	0.211489798689781	0.219121146306259	0.230203289281155	0.233972161013983	

