precision:	0	0	0	0	0	0	0.0285714285714286	0.025	0.0222222222222222	0.02	

MAP:	0.0312308343380429

NDCG:	0	0	0	0	0	0	0.0182762154072101	0.0176814972176671	0.0171923789042306	0.0167804023971262	

