precision:	0.1	0.05	0.0666666666666667	0.075	0.06	0.05	0.0428571428571429	0.0375	0.0444444444444444	0.04	

MAP:	0.0664387026627292

NDCG:	0.1	0.05	0.0619906233284066	0.0741305880236336	0.0716938266266869	0.0699582123930962	0.0686359533388284	0.0675825624630879	0.0730847851449278	0.0719902189254127	

