precision:	0.1	0.1	0.1	0.1	0.1	0.116666666666667	0.1	0.1	0.0888888888888889	0.09	

MAP:	0.123512386859552

NDCG:	0.1	0.1	0.1	0.112139964695227	0.121527663993998	0.138011735923579	0.134020132506218	0.147506848462129	0.144891538966296	0.152303421477593	

