precision:	0	0	0	0.025	0.04	0.0333333333333333	0.0428571428571429	0.05	0.0555555555555556	0.06	

MAP:	0.0471462597060885

NDCG:	0	0	0	0.01596969716199	0.0261308094336676	0.023570626668601	0.0298950871846088	0.0357683243103208	0.0430874984808747	0.0475208955243967	

