precision:	0.1	0.05	0.0666666666666667	0.05	0.04	0.05	0.0428571428571429	0.0375	0.0333333333333333	0.03	

MAP:	0.0906241918695427

NDCG:	0.1	0.05	0.0619906233284066	0.0619906233284066	0.0619906233284066	0.0743464676840092	0.0743464676840092	0.0743464676840092	0.0743464676840092	0.0743464676840092	

