precision:	0	0.05	0.0333333333333333	0.025	0.02	0.05	0.0714285714285714	0.075	0.0777777777777778	0.07	

MAP:	0.0637520107271462

NDCG:	0	0.05	0.0380093766715934	0.0319393943239799	0.0280772188866144	0.0449214633118065	0.0630183748337974	0.0672951944015093	0.0708126095581559	0.0680462718080298	

