precision:	0	0.05	0.1	0.075	0.06	0.0833333333333333	0.0857142857142857	0.1125	0.1	0.09	

MAP:	0.0848033605813373

NDCG:	0	0.05	0.0859718699852197	0.0783124050516939	0.0734388822578005	0.0906269686868202	0.0954466193968445	0.129676092015998	0.127331717684949	0.12535708880331	

