precision:	0.1	0.15	0.166666666666667	0.15	0.18	0.166666666666667	0.157142857142857	0.15	0.133333333333333	0.13	

MAP:	0.124512964961665

NDCG:	0.1	0.15	0.161990623328407	0.161990623328407	0.186175023309127	0.194535358693192	0.195491381407893	0.201382049806628	0.197470706344563	0.203790960242026	

