precision:	0	0	0.1	0.075	0.12	0.1	0.1	0.1	0.0888888888888889	0.08	

MAP:	0.0807192462507807

NDCG:	0	0	0.0719437399704394	0.0642842750369136	0.0956873522141013	0.0898466416927458	0.0936718673876864	0.103255448272276	0.100717233514906	0.098579335952503	

