precision:	0.1	0.1	0.0666666666666667	0.1	0.16	0.133333333333333	0.114285714285714	0.1125	0.1	0.09	

MAP:	0.119422297724303

NDCG:	0.1	0.1	0.0760187533431869	0.107958147667167	0.152464772191243	0.146159665634022	0.142258770174452	0.151351391293791	0.150073452597114	0.148997065338475	

