precision:	0.2	0.2	0.133333333333333	0.1	0.08	0.0833333333333333	0.0857142857142857	0.075	0.0888888888888889	0.08	

MAP:	0.0791236989718471

NDCG:	0.2	0.2	0.152037506686374	0.12775757729592	0.112308875546458	0.111102905593197	0.110184150342743	0.102265208348253	0.110978323355598	0.105127814205495	

