precision:	0.1	0.1	0.133333333333333	0.1	0.08	0.0666666666666667	0.0571428571428571	0.05	0.0444444444444444	0.04	

MAP:	0.049609893750893

NDCG:	0.1	0.1	0.123981246656813	0.10418181702806	0.0915839433594359	0.084346562173927	0.08015510013942	0.0768159300661189	0.0740696726567295	0.0717565441067462	

