precision:	0.1	0.25	0.2	0.175	0.14	0.15	0.142857142857143	0.125	0.122222222222222	0.11	

MAP:	0.106332659926549

NDCG:	0.1	0.25	0.21402813001478	0.201888165319553	0.182071614454462	0.198320562043801	0.199497537810601	0.193248180852761	0.195436917483757	0.19110782801515	

