precision:	0.1	0.2	0.233333333333333	0.2	0.22	0.2	0.185714285714286	0.1875	0.177777777777778	0.17	

MAP:	0.156989731480637

NDCG:	0.1	0.2	0.223981246656813	0.210251799375674	0.225700501125136	0.218293648154908	0.213553399029119	0.220332898263974	0.229402422604976	0.232208072317925	

