precision:	0	0	0.0666666666666667	0.05	0.06	0.0666666666666667	0.0714285714285714	0.0625	0.0555555555555556	0.05	

MAP:	0.042402991979005

NDCG:	0	0	0.0479624933136263	0.0403030283801005	0.0475217055765674	0.0538480410599616	0.0639319966721106	0.0611793312622845	0.0589154370576292	0.0570085952950814	

