precision:	0	0	0	0	0	0	0	0.0125	0.0111111111111111	0.02	

MAP:	0.0222635761056285

NDCG:	0	0	0	0	0	0	0	0.01064646477466	0.01064646477466	0.0163754648714276	

