precision:	0	0	0	0	0	0.0166666666666667	0.0142857142857143	0.025	0.0222222222222222	0.02	

MAP:	0.0416400078383206

NDCG:	0	0	0	0	0	0.0123558443556026	0.0123558443556026	0.019542850807853	0.019542850807853	0.019542850807853	

