precision:	0.2	0.15	0.133333333333333	0.15	0.12	0.116666666666667	0.1	0.1	0.0888888888888889	0.08	

MAP:	0.101241606082411

NDCG:	0.2	0.15	0.138009376671593	0.153979073833583	0.13995578612454	0.139765085413648	0.131344893880386	0.135476613375224	0.131177443858213	0.127556322357724	

