precision:	0.1	0.15	0.1	0.1	0.08	0.0666666666666667	0.0571428571428571	0.05	0.0444444444444444	0.04	

MAP:	0.0711112845844998

NDCG:	0.1	0.15	0.11402813001478	0.117857862481543	0.110133511606812	0.104631744654894	0.100440282620387	0.0971011125470859	0.0943548551376966	0.0920417265877132	

