precision:	0.1	0.1	0.133333333333333	0.125	0.1	0.116666666666667	0.114285714285714	0.1	0.0888888888888889	0.08	

MAP:	0.0786243243786884

NDCG:	0.1	0.1	0.123981246656813	0.123981246656813	0.111889046666453	0.123935538639165	0.124838120860324	0.118370165545069	0.113050679020515	0.108570160876394	

