precision:	0.2	0.15	0.133333333333333	0.15	0.12	0.116666666666667	0.1	0.0875	0.0777777777777778	0.07	

MAP:	0.0937467352963001

NDCG:	0.2	0.15	0.138009376671593	0.153979073833583	0.13995578612454	0.139765085413648	0.131344893880386	0.12611754041302	0.121818370896008	0.118197249395519	

