precision:	0.2	0.15	0.133333333333333	0.1	0.1	0.0833333333333333	0.0857142857142857	0.075	0.0666666666666667	0.06	

MAP:	0.0796750187995881

NDCG:	0.2	0.15	0.15	0.13403030283801	0.135961390556693	0.127539268344097	0.129397873279956	0.125361128041027	0.122530277236728	0.120145897027582	

