precision:	0	0	0	0.025	0.02	0.0333333333333333	0.0285714285714286	0.0375	0.0333333333333333	0.03	

MAP:	0.0400557375198059

NDCG:	0	0	0	0.01596969716199	0.0140386094433072	0.0224607316559032	0.0216499922286702	0.0287476433681258	0.0282164446740203	0.0277690245374926	

