precision:	0	0	0	0	0	0	0.0142857142857143	0.0125	0.0111111111111111	0.02	

MAP:	0.038461383031767

NDCG:	0	0	0	0	0	0	0.0113770418100788	0.0113770418100788	0.0113770418100788	0.0178675553735527	

