precision:	0.4	0.25	0.266666666666667	0.25	0.24	0.216666666666667	0.214285714285714	0.1875	0.177777777777778	0.17	

MAP:	0.29656332048733

NDCG:	0.4	0.25	0.320658216378905	0.361553242857485	0.371714355129163	0.371712452769123	0.384111957614489	0.38279818828795	0.389046135382806	0.395129162494375	

