precision:	0	0	0	0.025	0.02	0.0166666666666667	0.0714285714285714	0.0625	0.0666666666666667	0.07	

MAP:	0.0690904269264524

NDCG:	0	0	0	0.0190046883357967	0.0190046883357967	0.0190046883357967	0.0573686262210931	0.0561791898420072	0.0625293929677566	0.0686985486933651	

