precision:	0	0.15	0.166666666666667	0.15	0.2	0.2	0.171428571428571	0.15	0.133333333333333	0.13	

MAP:	0.225814733201032

NDCG:	0	0.2	0.275083598685552	0.287223563380779	0.344943689668977	0.361616559949411	0.356630531516967	0.355076687861646	0.353798749164969	0.359715470646147	

