precision:	0.1	0.1	0.1	0.125	0.12	0.1	0.0857142857142857	0.075	0.0888888888888889	0.08	

MAP:	0.124869694868342

NDCG:	0.1	0.1	0.1	0.122039679509603	0.128248314757363	0.121010933571854	0.115497212483079	0.114662419964754	0.131380052460054	0.130801770322558	

