precision:	0.2	0.25	0.2	0.2	0.26	0.233333333333333	0.2	0.175	0.155555555555556	0.15	

MAP:	0.255602134949409

NDCG:	0.2	0.3	0.327121105371926	0.346920535000679	0.41117753250681	0.410352963975334	0.401449867054024	0.399896023398703	0.398618084702026	0.404534806183204	

