precision:	0.3	0.25	0.266666666666667	0.25	0.26	0.216666666666667	0.185714285714286	0.1625	0.155555555555556	0.14	

MAP:	0.301756177763006

NDCG:	0.3	0.3	0.382648839707312	0.398618536869302	0.426812745084457	0.415639739395902	0.407127705068715	0.406408653931719	0.413145719340012	0.412647614218868	

