precision:	0	0.05	0.1	0.075	0.08	0.0833333333333333	0.0714285714285714	0.075	0.0666666666666667	0.07	

MAP:	0.0608347865632469

NDCG:	0	0.05	0.0859718699852197	0.0722424227040804	0.0755989244631819	0.0779896354435299	0.0715360646693494	0.0735817695381276	0.0688956627162165	0.0718547611788411	

