precision:	0.2	0.2	0.166666666666667	0.125	0.12	0.1	0.1	0.1	0.0888888888888889	0.08	

MAP:	0.0785704308231039

NDCG:	0.2	0.2	0.176018753343187	0.14790909148597	0.142115828329922	0.128191939165407	0.12585908206676	0.124000588170129	0.116103523370078	0.111106621799991	

