precision:	0	0	0	0.025	0.04	0.05	0.0428571428571429	0.0375	0.0333333333333333	0.03	

MAP:	0.0294892705582842

NDCG:	0	0	0	0.01596969716199	0.0261308094336676	0.0344323776142265	0.0324819298844413	0.0309280862291206	0.0296501475324435	0.0285737602738037	

