precision:	0	0.05	0.0333333333333333	0.025	0.04	0.0333333333333333	0.0285714285714286	0.05	0.0555555555555556	0.06	

MAP:	0.0457847030304851

NDCG:	0	0.05	0.0380093766715934	0.0319393943239799	0.0401694188769748	0.0374185354010157	0.0353228043837622	0.0480272322516125	0.0521072548475695	0.0567003566878377	

