precision:	0.2	0.1	0.1	0.075	0.06	0.0833333333333333	0.0857142857142857	0.075	0.0666666666666667	0.06	

MAP:	0.0692148369304516

NDCG:	0.2	0.1	0.1	0.0840303028380101	0.0738691905663324	0.0862269372819746	0.0873666455845267	0.081087599129252	0.0759234782629403	0.0731778065313065	

