precision:	0.2	0.15	0.133333333333333	0.1	0.08	0.0666666666666667	0.0571428571428571	0.05	0.0444444444444444	0.04	

MAP:	0.0789409677333269

NDCG:	0.2	0.15	0.138009376671593	0.122039679509603	0.111878567237926	0.107392069528376	0.103974079456855	0.101251103544464	0.0990116270844941	0.0971253519964924	

