precision:	0.2	0.2	0.133333333333333	0.125	0.14	0.116666666666667	0.114285714285714	0.125	0.122222222222222	0.11	

MAP:	0.123383576933771

NDCG:	0.2	0.2	0.152037506686374	0.149797256805523	0.164741590284541	0.153928757091597	0.159230329457969	0.167041743597198	0.167097570087088	0.163921481009456	

