precision:	0.2	0.1	0.0666666666666667	0.05	0.04	0.05	0.0428571428571429	0.0375	0.0333333333333333	0.04	

MAP:	0.0368425803267127

NDCG:	0.2	0.1	0.0760187533431869	0.0638787886479598	0.0561544377732289	0.0604502347718862	0.0554480333101462	0.0514629795785	0.0481855234750053	0.0523105391602535	

