precision:	0.1	0.05	0.0333333333333333	0.05	0.06	0.0666666666666667	0.0571428571428571	0.05	0.0555555555555556	0.05	

MAP:	0.0315796317293811

NDCG:	0.1	0.05	0.0380093766715934	0.0479090914859699	0.054208028320282	0.0586945260298319	0.0538376078555602	0.0499682955052438	0.0556434058063185	0.0534611392573033	

