precision:	0.1	0.05	0.0666666666666667	0.075	0.06	0.0833333333333333	0.0714285714285714	0.0875	0.0888888888888889	0.08	

MAP:	0.0637914823367102

NDCG:	0.1	0.05	0.0619906233284066	0.0680606056760201	0.0598305811230252	0.0752993838102377	0.0705343084298914	0.0865949622343404	0.0893837326579707	0.0876076535524449	

