precision:	0	0.15	0.1	0.075	0.06	0.05	0.0428571428571429	0.0375	0.0333333333333333	0.03	

MAP:	0.0364812564070248

NDCG:	0	0.15	0.11402813001478	0.101888165319553	0.0941638144448223	0.088662047492904	0.0844705854583971	0.081131415385096	0.0783851579757066	0.077228593700715	

