precision:	0.1	0.05	0.0333333333333333	0.025	0.02	0.0166666666666667	0.0285714285714286	0.025	0.0222222222222222	0.04	

MAP:	0.0478669161807149

NDCG:	0.1	0.05	0.0380093766715934	0.0380093766715934	0.0380093766715934	0.0380093766715934	0.0462842849173864	0.0456895667278434	0.0452004484144068	0.0562464721008378	

