precision:	0.2	0.15	0.1	0.075	0.06	0.05	0.0428571428571429	0.05	0.0444444444444444	0.04	

MAP:	0.0593396098977037

NDCG:	0.2	0.15	0.11402813001478	0.101888165319553	0.0941638144448223	0.088662047492904	0.0844705854583971	0.0883184218373464	0.0851144548597255	0.0839578905847338	

