precision:	0.1	0.15	0.133333333333333	0.1	0.08	0.0666666666666667	0.0571428571428571	0.05	0.0444444444444444	0.05	

MAP:	0.129411063379913

NDCG:	0.1	0.2	0.239111728700333	0.226971764005106	0.219247413130375	0.213745646178456	0.209554184143949	0.206215014070648	0.203468756661259	0.206884628208043	

