precision:	0	0	0.0333333333333333	0.05	0.04	0.05	0.0428571428571429	0.0375	0.0333333333333333	0.03	

MAP:	0.0688670470276176

NDCG:	0	0	0.0239812466568131	0.0701515141900503	0.0677147527931035	0.0757767025100884	0.0736437040285876	0.0736437040285876	0.0736437040285876	0.0736437040285876	

