precision:	0.1	0.15	0.233333333333333	0.2	0.2	0.2	0.171428571428571	0.15	0.155555555555556	0.14	

MAP:	0.224297154527518

NDCG:	0.1	0.2	0.318620709692532	0.314790977225769	0.326109764243223	0.348623260487425	0.339836832614597	0.338783441738856	0.35723615706461	0.3565064462516	

