precision:	0	0.1	0.2	0.25	0.24	0.216666666666667	0.2	0.175	0.155555555555556	0.15	

MAP:	0.224489094977578

NDCG:	0	0.15	0.273046091999179	0.322400692073043	0.345092194722489	0.355461839665116	0.362165072669991	0.361330280151666	0.360643715799319	0.36705854240164	

