precision:	0.2	0.2	0.2	0.225	0.26	0.233333333333333	0.2	0.175	0.166666666666667	0.15	

MAP:	0.230547372457841

NDCG:	0.2	0.2	0.251102352028739	0.283041746352719	0.330838694752861	0.35697552804978	0.347415628213967	0.345861784558646	0.351912285614592	0.350835898355952	

