precision:	0.2	0.15	0.1	0.075	0.06	0.05	0.0571428571428571	0.05	0.0555555555555556	0.05	

MAP:	0.159315445503128

NDCG:	0.2	0.2	0.176018753343187	0.16387878864796	0.156154437773229	0.150652670821311	0.157838250596882	0.157838250596882	0.164206821033997	0.163841965627492	

