precision:	0.1	0.1	0.1	0.125	0.18	0.166666666666667	0.142857142857143	0.125	0.111111111111111	0.1	

MAP:	0.139002583494776

NDCG:	0.1	0.1	0.1	0.15	0.187939948395121	0.185570466340947	0.175490393652838	0.174052291378846	0.172869542690187	0.171873332447899	

