precision:	0	0	0	0.025	0.02	0.0333333333333333	0.0285714285714286	0.0375	0.0444444444444444	0.04	

MAP:	0.0456850506058309

NDCG:	0	0	0	0.01596969716199	0.01596969716199	0.0257672611125655	0.0249565216853325	0.0321435281375829	0.0380543890064662	0.0373040121749639	

