precision:	0.2	0.2	0.133333333333333	0.1	0.08	0.0666666666666667	0.0571428571428571	0.0625	0.0555555555555556	0.05	

MAP:	0.0651709226861195

NDCG:	0.2	0.2	0.152037506686374	0.12775757729592	0.116171050983823	0.107918400555946	0.101631207504185	0.107148628919785	0.105317790646859	0.10377570494687	

