precision:	0.2	0.15	0.1	0.075	0.06	0.0666666666666667	0.0714285714285714	0.0875	0.0777777777777778	0.09	

MAP:	0.21142615075891

NDCG:	0.2	0.2	0.188009376671593	0.18193939432398	0.178077218886614	0.185123899361231	0.195756642064662	0.209017598278062	0.207186760005136	0.232138136582987	

