precision:	0.3	0.2	0.133333333333333	0.1	0.08	0.0666666666666667	0.0571428571428571	0.05	0.0444444444444444	0.04	

MAP:	0.0492717397102013

NDCG:	0.3	0.2	0.152037506686374	0.12775757729592	0.112308875546458	0.101305341642621	0.0929224175736073	0.0879136624636556	0.0837942763495716	0.0803245835245966	

