precision:	0.1	0.1	0.1	0.075	0.08	0.0833333333333333	0.0714285714285714	0.075	0.0666666666666667	0.07	

MAP:	0.0883955083849491

NDCG:	0.1	0.1	0.1	0.0840303028380101	0.0859613905566928	0.0885215733217594	0.0821971128057516	0.0860152596872659	0.0827868749649593	0.0885197433951269	

