precision:	0.3	0.3	0.2	0.15	0.12	0.1	0.0857142857142857	0.075	0.0666666666666667	0.06	

MAP:	0.102524305569744

NDCG:	0.3	0.3	0.228056260029561	0.191636365943879	0.172325488757052	0.161321954853216	0.155034761801455	0.151695591728154	0.148949334318765	0.146636205768781	

