precision:	0	0	0.0333333333333333	0.025	0.06	0.1	0.0857142857142857	0.1	0.1	0.09	

MAP:	0.066333635589667

NDCG:	0	0	0.0239812466568131	0.0239812466568131	0.0481656466375339	0.0789318778672006	0.0764078167915762	0.0942537970140055	0.10791555955252	0.106137092733323	

