precision:	0	0	0.0333333333333333	0.025	0.08	0.0666666666666667	0.0714285714285714	0.0625	0.0555555555555556	0.06	

MAP:	0.0477333996695219

NDCG:	0	0	0.0239812466568131	0.0239812466568131	0.0713628229652437	0.0701780819381567	0.0828147128649158	0.0820956617279203	0.0815042873835907	0.087999291002264	

