precision:	0.1	0.1	0.1	0.15	0.12	0.116666666666667	0.128571428571429	0.1375	0.122222222222222	0.12	

MAP:	0.0928033363787751

NDCG:	0.1	0.1	0.1	0.134974385497787	0.120951097788744	0.12351128055381	0.144018602089587	0.156278860774653	0.153050476052347	0.158783344482514	

