precision:	0	0.1	0.1	0.075	0.1	0.0833333333333333	0.0857142857142857	0.0875	0.0777777777777778	0.07	

MAP:	0.0642299130265705

NDCG:	0	0.1	0.1	0.0840303028380101	0.0980535905470532	0.0896314683344571	0.0914900732703169	0.0990482534081442	0.0948442738991503	0.0913033294150129	

