precision:	0	0	0.0333333333333333	0.05	0.06	0.05	0.0428571428571429	0.05	0.0444444444444444	0.05	

MAP:	0.0654422807911361

NDCG:	0	0	0.0239812466568131	0.0361212113520402	0.0438455622267711	0.0395497652281138	0.0362770584440609	0.04085683036525	0.0382548343450665	0.0425537284118932	

