precision:	0.1	0.15	0.1	0.075	0.06	0.1	0.114285714285714	0.1	0.1	0.09	

MAP:	0.0727034134054678

NDCG:	0.1	0.15	0.11402813001478	0.101888165319553	0.0941638144448223	0.132506285871848	0.147156034465979	0.14257626254479	0.146138127880481	0.142965602686866	

