precision:	0.4	0.25	0.233333333333333	0.175	0.16	0.15	0.128571428571429	0.1375	0.133333333333333	0.12	

MAP:	0.160444491554101

NDCG:	0.4	0.25	0.25	0.221890338142783	0.216097074986735	0.214721633248755	0.205398859494336	0.219601019402154	0.222234424167542	0.218723498649529	

