precision:	0	0.05	0.1	0.1	0.1	0.0833333333333333	0.0714285714285714	0.0875	0.0777777777777778	0.07	

MAP:	0.0983124423181815

NDCG:	0	0.05	0.0859718699852197	0.0920418523328332	0.0959040277701987	0.0888573472955823	0.0834889094942758	0.101240955112633	0.0977235399559867	0.0947608776093451	

