precision:	0.2	0.15	0.133333333333333	0.15	0.14	0.133333333333333	0.128571428571429	0.125	0.122222222222222	0.11	

MAP:	0.127071506029944

NDCG:	0.2	0.15	0.138009376671593	0.153979073833583	0.156325533643977	0.158885716409044	0.170371615248437	0.174189762129951	0.18103713450267	0.178317917853143	

