precision:	0.1	0.15	0.1	0.075	0.06	0.0833333333333333	0.0857142857142857	0.0875	0.0777777777777778	0.07	

MAP:	0.0653775443302054

NDCG:	0.1	0.15	0.11402813001478	0.101888165319553	0.0941638144448223	0.122708721921272	0.126792168132558	0.133504744644374	0.130269368921548	0.12754426386446	

