precision:	0	0.05	0.0666666666666667	0.05	0.04	0.0333333333333333	0.0285714285714286	0.025	0.0222222222222222	0.02	

MAP:	0.0233789970428621

NDCG:	0	0.05	0.0619906233284066	0.0520909085140302	0.045791971679718	0.0413054739701681	0.0378874838986468	0.0362178988619963	0.0348447701573016	0.03368820588231	

