precision:	0	0.05	0.1	0.1	0.1	0.0833333333333333	0.0714285714285714	0.0625	0.0555555555555556	0.06	

MAP:	0.0839534768115442

NDCG:	0	0.05	0.0859718699852197	0.0882121198660703	0.0896375339064891	0.082039980225369	0.0762518655909531	0.0733102913211468	0.0708910314582497	0.0802952901893742	

