precision:	0.1	0.15	0.2	0.175	0.2	0.166666666666667	0.142857142857143	0.1375	0.122222222222222	0.13	

MAP:	0.12116984447314

NDCG:	0.1	0.15	0.18597186998522	0.17224242270408	0.187691124453542	0.170486707532739	0.15828228958839	0.158469500560538	0.152712608943921	0.16204475668574	

