precision:	0	0	0.0666666666666667	0.075	0.1	0.1	0.0857142857142857	0.0875	0.0777777777777778	0.07	

MAP:	0.0575544179177865

NDCG:	0	0	0.0479624933136263	0.0601024580088533	0.0799190088739446	0.0879790562308899	0.084706349446837	0.0947689071396402	0.0926246206876883	0.0908185226160383	

