precision:	0	0	0.0333333333333333	0.025	0.04	0.0833333333333333	0.0857142857142857	0.0875	0.0888888888888889	0.09	

MAP:	0.0766028574658821

NDCG:	0	0	0.0239812466568131	0.0239812466568131	0.0360734466471735	0.0653455844668631	0.0710964316370316	0.0818065708760126	0.0865634499612557	0.0998925925731736	

