precision:	0	0.05	0.133333333333333	0.125	0.12	0.1	0.0857142857142857	0.1	0.1	0.1	

MAP:	0.12029180260685

NDCG:	0	0.05	0.117518357663793	0.123588340011406	0.127450515448772	0.121588576001242	0.117122720421094	0.135091335703143	0.139449284464404	0.143119914779164	

