precision:	0.1	0.05	0.0333333333333333	0.05	0.08	0.0833333333333333	0.0714285714285714	0.0625	0.0666666666666667	0.07	

MAP:	0.074048801279685

NDCG:	0.1	0.05	0.0380093766715934	0.0539790738335834	0.0824410213433807	0.100598920678021	0.0996963384568624	0.0989772873198669	0.10571435272816	0.111706761170489	

