precision:	0	0.1	0.1	0.125	0.1	0.0833333333333333	0.0714285714285714	0.0625	0.0555555555555556	0.05	

MAP:	0.0449132520377458

NDCG:	0	0.1	0.1	0.11596969716199	0.101946409452947	0.0919581447914787	0.0853965581940772	0.0801692047267103	0.0758700352096987	0.0722489137092095	

