precision:	0.3	0.25	0.2	0.15	0.12	0.1	0.0857142857142857	0.075	0.0666666666666667	0.06	

MAP:	0.072529126949483

NDCG:	0.3	0.25	0.21402813001478	0.17984848580995	0.158100847226176	0.142610815612789	0.130809901472254	0.121408585413261	0.113676594134513	0.107164061946544	

