precision:	0.1	0.05	0.0666666666666667	0.05	0.1	0.116666666666667	0.114285714285714	0.125	0.122222222222222	0.12	

MAP:	0.0948654215482151

NDCG:	0.1	0.05	0.0619906233284066	0.055920640980793	0.0899984139385489	0.105537363304617	0.11119636768086	0.128374462235096	0.141486930809949	0.144974802595799	

