precision:	0	0.1	0.166666666666667	0.15	0.14	0.116666666666667	0.1	0.1125	0.111111111111111	0.11	

MAP:	0.126187424032091

NDCG:	0	0.1	0.155527734335386	0.155527734335386	0.155527734335386	0.146914911411897	0.140353324814496	0.156652355059894	0.159637175116461	0.162151241156229	

