precision:	0	0.05	0.0666666666666667	0.05	0.04	0.05	0.0428571428571429	0.05	0.0444444444444444	0.04	

MAP:	0.0435629468008179

NDCG:	0	0.05	0.0619906233284066	0.0520909085140302	0.0482287330766647	0.0580262970272403	0.0572155576000073	0.0637566803939126	0.0627677721315756	0.0619348305700507	

