precision:	0.2	0.3	0.233333333333333	0.275	0.24	0.216666666666667	0.214285714285714	0.2	0.188888888888889	0.18	

MAP:	0.146035459259958

NDCG:	0.2	0.3	0.252037506686374	0.278701659955696	0.261321870487552	0.252757965316745	0.259706419010923	0.258682717632617	0.259213916326723	0.268983836149682	

