precision:	0	0.05	0.133333333333333	0.125	0.12	0.1	0.0857142857142857	0.075	0.0666666666666667	0.07	

MAP:	0.0920685187522474

NDCG:	0	0.05	0.109953116642033	0.108363634056121	0.107352286699593	0.0980191187848818	0.0909087450961982	0.0869137799506513	0.0836281723324793	0.0923027202505937	

