precision:	0.2	0.2	0.166666666666667	0.125	0.12	0.1	0.1	0.1125	0.1	0.11	

MAP:	0.1342263692375

NDCG:	0.2	0.2	0.188009376671593	0.169799429628753	0.170305103307017	0.163618595328012	0.166799459318139	0.183672903631065	0.180761572700373	0.193653121203761	

