precision:	0.1	0.15	0.1	0.075	0.06	0.0666666666666667	0.0714285714285714	0.075	0.0666666666666667	0.08	

MAP:	0.0569745790518427

NDCG:	0.1	0.15	0.11402813001478	0.101888165319553	0.0941638144448223	0.108004687854631	0.112088134065917	0.115341252255323	0.111648166964266	0.125145364956856	

