precision:	0.2	0.15	0.133333333333333	0.125	0.12	0.116666666666667	0.114285714285714	0.1	0.1	0.12	

MAP:	0.136912094520247

NDCG:	0.2	0.15	0.15	0.15	0.15	0.159545076411152	0.165620120740509	0.159673716136147	0.16115174271192	0.179004485255225	

