precision:	0.2	0.2	0.133333333333333	0.1	0.08	0.0666666666666667	0.0571428571428571	0.05	0.0444444444444444	0.04	

MAP:	0.0979989486652474

NDCG:	0.2	0.2	0.152037506686374	0.133827559643533	0.122241033331437	0.116739266379519	0.112547804345012	0.110878219308361	0.109505090603666	0.108348526328675	

