precision:	0.1	0.1	0.0666666666666667	0.075	0.06	0.0666666666666667	0.0571428571428571	0.075	0.0666666666666667	0.07	

MAP:	0.0464564237357133

NDCG:	0.1	0.1	0.0760187533431869	0.0828834769837565	0.0751591261090256	0.0889999995188344	0.0848085374843274	0.0993028386379367	0.0960988716603158	0.100393330425153	

