precision:	0	0	0.0333333333333333	0.025	0.02	0.0666666666666667	0.0857142857142857	0.1	0.111111111111111	0.1	

MAP:	0.0634262265537135

NDCG:	0	0	0.0239812466568131	0.0239812466568131	0.0239812466568131	0.0544381255035898	0.0724685967049955	0.0904389098748774	0.1105714988814	0.108514305269737	

