precision:	0.1	0.05	0.0333333333333333	0.025	0.04	0.05	0.0571428571428571	0.05	0.0444444444444444	0.06	

MAP:	0.0561745767341835

NDCG:	0.1	0.05	0.0380093766715934	0.0319393943239799	0.0401694188769748	0.0513405222054904	0.0604392471457492	0.0597201960087537	0.059128821664424	0.0851241788211194	

