precision:	0	0.1	0.133333333333333	0.15	0.14	0.116666666666667	0.1	0.0875	0.0777777777777778	0.07	

MAP:	0.0940930252824141

NDCG:	0	0.1	0.123981246656813	0.13612121135204	0.131753362236411	0.120029483341352	0.111097772181056	0.105651820356274	0.101172867436335	0.0974003172603311	

