precision:	0	0	0.0333333333333333	0.025	0.06	0.0833333333333333	0.0714285714285714	0.0875	0.0888888888888889	0.09	

MAP:	0.0586647988392754

NDCG:	0	0	0.0239812466568131	0.0239812466568131	0.0498289950615741	0.0693035689306881	0.0675902472822967	0.086082111163071	0.100275072395691	0.104673025809789	

