precision:	0	0	0	0	0.02	0.0333333333333333	0.0285714285714286	0.025	0.0222222222222222	0.03	

MAP:	0.0290481596008298

NDCG:	0	0	0	0	0.0120921999903604	0.0267962340570014	0.0267962340570014	0.0267962340570014	0.0267962340570014	0.0382381965516418	

