precision:	0.2	0.2	0.166666666666667	0.15	0.14	0.116666666666667	0.114285714285714	0.125	0.111111111111111	0.12	

MAP:	0.1439336672743

NDCG:	0.2	0.2	0.188009376671593	0.185769126790743	0.184343712750324	0.176281763033339	0.17841476151484	0.195288205827766	0.192376874897073	0.205268423400462	

