precision:	0.2	0.15	0.1	0.125	0.14	0.133333333333333	0.128571428571429	0.1125	0.1	0.09	

MAP:	0.0780735274900381

NDCG:	0.2	0.15	0.11402813001478	0.12775757729592	0.136493275527179	0.132917823519743	0.131920302742597	0.123803860322004	0.11909309986359	0.115125301917471	

