precision:	0.1	0.05	0.0666666666666667	0.05	0.06	0.0666666666666667	0.0571428571428571	0.0625	0.0555555555555556	0.06	

MAP:	0.0630650489876322

NDCG:	0.1	0.05	0.0619906233284066	0.0581608908616437	0.0702530908520041	0.0884109901866441	0.0875084079654857	0.0945328916262908	0.0939415172819611	0.0999339257242909	

