precision:	0	0	0.0333333333333333	0.025	0.04	0.0833333333333333	0.0857142857142857	0.1	0.1	0.1	

MAP:	0.0764802359011141

NDCG:	0	0	0.0239812466568131	0.0239812466568131	0.0360734466471735	0.0653455844668631	0.0710964316370316	0.0890667448069135	0.0934260899741493	0.106420396145686	

