precision:	0.1	0.2	0.166666666666667	0.125	0.12	0.116666666666667	0.1	0.1	0.0888888888888889	0.09	

MAP:	0.108253617909789

NDCG:	0.1	0.2	0.176018753343187	0.14790909148597	0.142115828329922	0.13917424414307	0.128658321592555	0.130806883437419	0.126205370010418	0.130781674165594	

