precision:	0	0.1	0.166666666666667	0.15	0.14	0.116666666666667	0.114285714285714	0.1125	0.1	0.09	

MAP:	0.094478468729748

NDCG:	0	0.1	0.155527734335386	0.151698001868623	0.149261240471676	0.138912803314597	0.139303865908721	0.141284994864971	0.136545778415711	0.132554012445102	

