precision:	0	0.05	0.0333333333333333	0.05	0.04	0.0333333333333333	0.0428571428571429	0.0375	0.0333333333333333	0.04	

MAP:	0.04725045064763

NDCG:	0	0.05	0.0380093766715934	0.0479090914859699	0.0421158283299217	0.0407403865919421	0.0479674293291083	0.0473727111395653	0.0468835928261288	0.0549237013987186	

