precision:	0.2	0.15	0.133333333333333	0.15	0.14	0.133333333333333	0.128571428571429	0.125	0.133333333333333	0.12	

MAP:	0.13909499239438

NDCG:	0.2	0.15	0.138009376671593	0.153979073833583	0.152047986114901	0.15342342785288	0.161831329280885	0.165765217543729	0.184773837105841	0.181769942066162	

