precision:	0.1	0.2	0.233333333333333	0.2	0.24	0.2	0.171428571428571	0.175	0.155555555555556	0.15	

MAP:	0.10550900313599

NDCG:	0.1	0.2	0.223981246656813	0.210251799375674	0.242070248644573	0.22486583172377	0.21266141377942	0.223495089526228	0.217738197909612	0.221341345554663	

