precision:	0.1	0.05	0.0333333333333333	0.05	0.06	0.05	0.0571428571428571	0.0625	0.0777777777777778	0.09	

MAP:	0.0950832384559878

NDCG:	0.1	0.05	0.0380093766715934	0.0479090914859699	0.054208028320282	0.0516478455552154	0.0579723060712232	0.068493536450224	0.0888682937165116	0.0997371833808474	

