precision:	0.2	0.25	0.166666666666667	0.15	0.16	0.15	0.128571428571429	0.125	0.133333333333333	0.12	

MAP:	0.100768518122536

NDCG:	0.2	0.25	0.190046883357967	0.178701659955696	0.18357518274959	0.179999730742155	0.169000902803591	0.174577953985168	0.19459362142263	0.18968029821884	

