precision:	0.2	0.15	0.166666666666667	0.125	0.1	0.0833333333333333	0.0714285714285714	0.075	0.0666666666666667	0.07	

MAP:	0.120394220449625

NDCG:	0.2	0.15	0.161990623328407	0.139950943818803	0.12592765610976	0.118690274924251	0.11527228485273	0.125219101164203	0.122979624704234	0.136144849399431	

