precision:	0.1	0.15	0.133333333333333	0.1	0.08	0.1	0.1	0.0875	0.0888888888888889	0.09	

MAP:	0.0931355062723275

NDCG:	0.1	0.15	0.138009376671593	0.122039679509603	0.111878567237926	0.128722811663118	0.134091249464424	0.132850647616536	0.139647888675053	0.144929468635293	

