precision:	0	0.05	0.0333333333333333	0.025	0.04	0.0833333333333333	0.0857142857142857	0.075	0.0777777777777778	0.07	

MAP:	0.0595528731100674

NDCG:	0	0.05	0.0380093766715934	0.0380093766715934	0.0595432045752631	0.0938423665430553	0.100495795934382	0.0986093104281491	0.104386234479124	0.103079417698964	

