precision:	0.2	0.2	0.133333333333333	0.125	0.12	0.1	0.0857142857142857	0.0875	0.0777777777777778	0.07	

MAP:	0.115262818953021

NDCG:	0.2	0.2	0.152037506686374	0.149797256805523	0.148371842765104	0.140309893048119	0.134167983283827	0.147611221258523	0.144960153857151	0.142727202323519	

