precision:	0.3	0.2	0.166666666666667	0.125	0.12	0.116666666666667	0.114285714285714	0.1125	0.1	0.09	

MAP:	0.135874784808734

NDCG:	0.3	0.2	0.176018753343187	0.153979073833583	0.156325533643977	0.163372214118594	0.1687406519199	0.173573999833162	0.171180554120926	0.169164593202302	

