precision:	0.1	0.05	0.0333333333333333	0.05	0.08	0.0833333333333333	0.0857142857142857	0.0875	0.0888888888888889	0.1	

MAP:	0.101367806698289

NDCG:	0.1	0.05	0.0380093766715934	0.0479090914859699	0.0663002283106424	0.0772593385851298	0.0826812168799792	0.0870006103503704	0.099957713266982	0.110307831791681	

