precision:	0.1	0.05	0.0333333333333333	0.025	0.04	0.05	0.0428571428571429	0.0375	0.0444444444444444	0.04	

MAP:	0.0731878041287487

NDCG:	0.1	0.05	0.0380093766715934	0.0319393943239799	0.0401694188769748	0.0487822418004634	0.047068920152072	0.0457039853567314	0.0603546561575827	0.0594091308999109	

