precision:	0.1	0.15	0.133333333333333	0.1	0.08	0.1	0.114285714285714	0.1	0.0888888888888889	0.1	

MAP:	0.119064384594406

NDCG:	0.1	0.15	0.15	0.140100285185624	0.133801348351311	0.158302946368528	0.183577474542489	0.182336872694601	0.181316555687059	0.197064983518102	

