precision:	0.2	0.1	0.1	0.1	0.1	0.116666666666667	0.114285714285714	0.125	0.133333333333333	0.12	

MAP:	0.128153179628803

NDCG:	0.2	0.1	0.1	0.103829732466763	0.10626649386371	0.120550555523835	0.125253537185377	0.142264724889481	0.161608493512763	0.158886889149565	

