precision:	0.1	0.1	0.0666666666666667	0.075	0.06	0.0666666666666667	0.0857142857142857	0.075	0.0777777777777778	0.08	

MAP:	0.0720842493836166

NDCG:	0.1	0.1	0.0760187533431869	0.0828834769837565	0.0751591261090256	0.0805191101027328	0.10241291566942	0.100148612443226	0.110276988753502	0.114437448068173	

