precision:	0	0	0	0.025	0.08	0.0833333333333333	0.0857142857142857	0.0875	0.0888888888888889	0.1	

MAP:	0.0856262979420052

NDCG:	0	0	0	0.01596969716199	0.0503152094143883	0.0612743196888757	0.0666961979837251	0.0710155914541163	0.0839726943707279	0.0943228128954274	

