precision:	0	0.05	0.0333333333333333	0.05	0.08	0.0833333333333333	0.1	0.1	0.0888888888888889	0.09	

MAP:	0.0817945385627708

NDCG:	0	0.05	0.0380093766715934	0.0539790738335834	0.0762323860956214	0.0834697672811304	0.102522701517823	0.10763431360386	0.105469722675739	0.113261238204472	

