precision:	0.1	0.1	0.0666666666666667	0.05	0.06	0.0666666666666667	0.0714285714285714	0.075	0.0777777777777778	0.09	

MAP:	0.0973745148430279

NDCG:	0.1	0.1	0.0760187533431869	0.0638787886479598	0.0682466377635893	0.0741085772111187	0.0794770150124251	0.0837538345801369	0.0966759231389551	0.111445403386742	

