precision:	0.1	0.1	0.1	0.125	0.1	0.1	0.0857142857142857	0.075	0.0666666666666667	0.06	

MAP:	0.0628048874723577

NDCG:	0.1	0.1	0.10756524102176	0.127364670650513	0.115778144338416	0.117323057861114	0.110225125382121	0.104570486613824	0.0999199018056347	0.096002788844132	

