precision:	0.2	0.1	0.133333333333333	0.125	0.1	0.1	0.1	0.1	0.1	0.11	

MAP:	0.0912540330598657

NDCG:	0.2	0.1	0.123981246656813	0.12015151419005	0.109484728240109	0.114243018914591	0.116729812525968	0.118710941482219	0.120340295470074	0.131327389924585	

