precision:	0.2	0.15	0.1	0.075	0.06	0.05	0.0428571428571429	0.05	0.0444444444444444	0.04	

MAP:	0.0519227415431659

NDCG:	0.2	0.15	0.11402813001478	0.0958181829719397	0.0842316566598433	0.0759790062319659	0.0696918131802055	0.0718700645225042	0.0672929688401887	0.0634377545902164	

