precision:	0.2	0.1	0.0666666666666667	0.05	0.04	0.0666666666666667	0.0571428571428571	0.0625	0.0555555555555556	0.05	

MAP:	0.0522922217165228

NDCG:	0.2	0.1	0.0760187533431869	0.0638787886479598	0.0561544377732289	0.0728060791274888	0.0678038776657488	0.0710058303863531	0.0672706647146267	0.0641245946031185	

