precision:	0	0	0	0	0	0.0166666666666667	0.0285714285714286	0.0375	0.0333333333333333	0.03	

MAP:	0.0376047638914159

NDCG:	0	0	0	0	0	0.00979756395057558	0.0172617327691355	0.0232081373734979	0.0217301107977243	0.0208971692361994	

