precision:	0.1	0.05	0.0666666666666667	0.05	0.06	0.05	0.0428571428571429	0.05	0.0444444444444444	0.04	

MAP:	0.0486344840333176

NDCG:	0.1	0.05	0.0619906233284066	0.0520909085140302	0.0595475200941185	0.0550610223845687	0.0516430323130474	0.0561070628529067	0.0534098768247056	0.0511380803117067	

