precision:	0.3	0.2	0.2	0.2	0.16	0.133333333333333	0.128571428571429	0.125	0.111111111111111	0.1	

MAP:	0.103658443073681

NDCG:	0.3	0.2	0.2	0.2	0.181608863175327	0.168509542542289	0.166804874119159	0.165446833002109	0.157961359143459	0.151656464622867	

