precision:	0.1	0.1	0.0666666666666667	0.075	0.06	0.05	0.0571428571428571	0.05	0.0555555555555556	0.05	

MAP:	0.0475660233555397

NDCG:	0.1	0.1	0.0760187533431869	0.0798484858099498	0.0701930472165361	0.0633158385266383	0.0663514192292975	0.0615827384481281	0.0640293688100697	0.0607731027160855	

