precision:	0	0	0.0333333333333333	0.025	0.08	0.0666666666666667	0.0571428571428571	0.0625	0.0555555555555556	0.05	

MAP:	0.0353705494829072

NDCG:	0	0	0.0239812466568131	0.0201515141900502	0.0539913527641846	0.0487015154493328	0.0446715097315898	0.0486479718971132	0.0455497915406178	0.0434383490603224	

