precision:	0	0	0.0333333333333333	0.025	0.02	0.0333333333333333	0.0285714285714286	0.05	0.0555555555555556	0.05	

MAP:	0.0305190121535269

NDCG:	0	0	0.0239812466568131	0.0201515141900502	0.0177147527931035	0.0257767025100884	0.0236437040285876	0.0363184423990029	0.0403740472502742	0.0384465394692342	

