precision:	0.3	0.15	0.1	0.075	0.06	0.0666666666666667	0.0571428571428571	0.05	0.0555555555555556	0.05	

MAP:	0.105498498833978

NDCG:	0.3	0.15	0.126018753343187	0.11387878864796	0.106154437773229	0.110450234771886	0.105448033310146	0.1014629795785	0.10455409391212	0.101428689819104	

