precision:	0.1	0.15	0.133333333333333	0.15	0.12	0.1	0.0857142857142857	0.075	0.0888888888888889	0.08	

MAP:	0.052949132144947

NDCG:	0.1	0.15	0.138009376671593	0.14790909148597	0.130023628339561	0.117284480202134	0.107579297078852	0.0998475660565095	0.106225844356686	0.100140165630699	

