precision:	0.1	0.05	0.0333333333333333	0.025	0.06	0.05	0.0428571428571429	0.0375	0.0333333333333333	0.04	

MAP:	0.050871598489628

NDCG:	0.1	0.05	0.0380093766715934	0.0319393943239799	0.0522616188673352	0.0471412533372019	0.0432403578776317	0.0401326705669901	0.0375767931736361	0.0450387343912142	

