precision:	0.1	0.15	0.1	0.1	0.08	0.0833333333333333	0.0857142857142857	0.075	0.0666666666666667	0.07	

MAP:	0.0390593573339994

NDCG:	0.1	0.15	0.11402813001478	0.11178788013393	0.0982702661031506	0.0984397378878692	0.101670981710328	0.0951815504237058	0.089844401263169	0.0910780062609381	

