precision:	0.2	0.1	0.0666666666666667	0.05	0.04	0.05	0.0571428571428571	0.05	0.0444444444444444	0.04	

MAP:	0.0983645285841221

NDCG:	0.2	0.1	0.0880093766715934	0.0819393943239799	0.0780772188866145	0.0851238993612309	0.0904923371625373	0.0875821502779988	0.0851887045657621	0.0831727436471383	

