precision:	0	0	0.0333333333333333	0.05	0.04	0.0333333333333333	0.0285714285714286	0.0375	0.0555555555555556	0.05	

MAP:	0.0307683205599542

NDCG:	0	0	0.0239812466568131	0.0361212113520402	0.0317533622364107	0.0286423062648405	0.0262721817019459	0.0315710047601305	0.0460047106164167	0.0443111962409136	

