precision:	0.2	0.1	0.0666666666666667	0.075	0.06	0.05	0.0428571428571429	0.0375	0.0666666666666667	0.06	

MAP:	0.048663766198458

NDCG:	0.2	0.1	0.0760187533431869	0.0798484858099498	0.0701930472165361	0.0633158385266383	0.0580765109835045	0.0539025483918782	0.0769898112573066	0.0737335451633224	

