precision:	0	0	0	0	0	0.0166666666666667	0.0285714285714286	0.025	0.0222222222222222	0.03	

MAP:	0.0297128506704558

NDCG:	0	0	0	0	0	0.00979756395057558	0.0203638663334214	0.0197179826750763	0.0191867839809709	0.0244683639412108	

