precision:	0.1	0.1	0.0666666666666667	0.05	0.04	0.05	0.0571428571428571	0.05	0.0555555555555556	0.06	

MAP:	0.041306651542918

NDCG:	0.1	0.1	0.0760187533431869	0.0638787886479598	0.0561544377732289	0.0604502347718862	0.0637229415559391	0.05914316963475	0.0617451656549335	0.0639367851515806	

