precision:	0.2	0.2	0.2	0.15	0.16	0.166666666666667	0.157142857142857	0.1375	0.133333333333333	0.12	

MAP:	0.0824438343136574

NDCG:	0.2	0.2	0.2	0.16806060567602	0.174359542510332	0.178846040219882	0.17398912204561	0.162932803243044	0.160208246715798	0.152184396373868	

