precision:	0.4	0.2	0.133333333333333	0.125	0.1	0.0833333333333333	0.0714285714285714	0.0875	0.0777777777777778	0.07	

MAP:	0.114036371975387

NDCG:	0.4	0.2	0.16402813001478	0.16178788013393	0.148270266103151	0.138642173937294	0.131307115376906	0.13983758065313	0.134116211050236	0.129682714662768	

