precision:	0	0.05	0.0666666666666667	0.05	0.04	0.0333333333333333	0.0285714285714286	0.05	0.0555555555555556	0.05	

MAP:	0.0712790648444596

NDCG:	0	0.05	0.0695558643501663	0.0634858820025528	0.0596237065651873	0.0568728230892282	0.0547770920719747	0.0709409782622345	0.0754787104264231	0.0735717693199292	

