precision:	0.1	0.05	0.0333333333333333	0.05	0.04	0.05	0.0714285714285714	0.0625	0.0666666666666667	0.06	

MAP:	0.050095076139749

NDCG:	0.1	0.05	0.0380093766715934	0.0479090914859699	0.0421158283299217	0.0503453474715856	0.0637515674372912	0.0600577535032295	0.0633883942564291	0.0604647394232278	

