precision:	0.3	0.2	0.133333333333333	0.1	0.08	0.0833333333333333	0.0714285714285714	0.0625	0.0555555555555556	0.06	

MAP:	0.0519357100846617

NDCG:	0.3	0.2	0.152037506686374	0.12775757729592	0.112308875546458	0.111102905593197	0.10190924209695	0.0945850182920026	0.0885613047791185	0.0896640477759194	

