precision:	0.1	0.05	0.0333333333333333	0.05	0.04	0.05	0.0428571428571429	0.0375	0.0333333333333333	0.03	

MAP:	0.0957237717072561

NDCG:	0.1	0.05	0.05	0.0659696971619899	0.0640386094433072	0.0750190120609303	0.0739711465523035	0.0731363540339783	0.0724497896816309	0.0724497896816309	

