precision:	0.1	0.05	0.0333333333333333	0.025	0.02	0.05	0.0428571428571429	0.0375	0.0333333333333333	0.04	

MAP:	0.0503834749108411

NDCG:	0.1	0.05	0.0380093766715934	0.0319393943239799	0.0280772188866144	0.0449214633118065	0.041204253440087	0.0382429010867463	0.0358073749938407	0.0433706861806515	

