precision:	0	0.15	0.1	0.1	0.08	0.1	0.1	0.0875	0.0888888888888889	0.08	

MAP:	0.0591372251332426

NDCG:	0	0.15	0.11402813001478	0.11178788013393	0.0982702661031506	0.110795582243472	0.110924692501644	0.10384054302548	0.104382845988621	0.099110618976013	

