precision:	0	0	0	0.05	0.06	0.05	0.0428571428571429	0.0375	0.0333333333333333	0.05	

MAP:	0.0293970633420026

NDCG:	0	0	0	0.0319393943239799	0.0401694188769748	0.0362337943739286	0.0332354811355168	0.0308468449618707	0.0288823419128464	0.038685672710246	

