precision:	0	0	0	0.025	0.04	0.05	0.0428571428571429	0.0375	0.0333333333333333	0.04	

MAP:	0.0287063298338745

NDCG:	0	0	0	0.01596969716199	0.0261308094336676	0.0333681906191766	0.0306070034621584	0.0284072761484926	0.0265981387577101	0.0308033314593102	

