precision:	0.1	0.05	0.1	0.075	0.06	0.05	0.0571428571428571	0.0625	0.0666666666666667	0.06	

MAP:	0.0576908979477952

NDCG:	0.1	0.05	0.0859718699852197	0.0722424227040804	0.0659434858697682	0.0614569881602184	0.06631390633449	0.0701832186848064	0.0733654847802835	0.0703168563536752	

