precision:	0.2	0.15	0.1	0.075	0.08	0.0833333333333333	0.0714285714285714	0.0625	0.0777777777777778	0.08	

MAP:	0.110340531359486

NDCG:	0.2	0.15	0.126018753343187	0.11387878864796	0.118246637763589	0.12135769373516	0.115452910052261	0.110748805183619	0.119617115610025	0.12217002662916	

