precision:	0.1	0.15	0.133333333333333	0.175	0.14	0.116666666666667	0.1	0.1125	0.1	0.1	

MAP:	0.0687972182221855

NDCG:	0.1	0.15	0.138009376671593	0.16387878864796	0.144062237782869	0.129947647907462	0.119194599275553	0.125002088639386	0.117041242576522	0.120914468973406	

