precision:	0.1	0.05	0.1	0.075	0.06	0.05	0.0428571428571429	0.0625	0.0555555555555556	0.06	

MAP:	0.0576259586929604

NDCG:	0.1	0.05	0.0859718699852197	0.0722424227040804	0.0659434858697682	0.0614569881602184	0.0580389980886971	0.0696900350808068	0.0665351394843742	0.0696068216431457	

