precision:	0	0	0	0.025	0.04	0.0333333333333333	0.0571428571428571	0.05	0.0444444444444444	0.06	

MAP:	0.0552875995444243

NDCG:	0	0	0	0.01596969716199	0.0261308094336676	0.023570626668601	0.0477054465400099	0.0461516028846891	0.0448736641880121	0.0658418854523887	

