precision:	0.1	0.1	0.1	0.075	0.08	0.0666666666666667	0.0714285714285714	0.0625	0.0555555555555556	0.05	

MAP:	0.0803258072947334

NDCG:	0.1	0.1	0.10756524102176	0.0954252763265327	0.134630756696507	0.131879873220547	0.138059050449087	0.137464332259544	0.136975213946107	0.136563237439003	

