precision:	0	0.1	0.1	0.1	0.08	0.0666666666666667	0.0571428571428571	0.05	0.0444444444444444	0.05	

MAP:	0.0856541459907547

NDCG:	0	0.15	0.169555864350166	0.179455579164543	0.173662316008495	0.169535990794556	0.166392394268676	0.16555760175035	0.164871037398003	0.170021755357275	

