precision:	0.5	0.3	0.2	0.15	0.12	0.1	0.0857142857142857	0.075	0.0666666666666667	0.06	

MAP:	0.251831210693725

NDCG:	0.5	0.4	0.36402813001478	0.34581818297194	0.334231656659843	0.325979006231966	0.319691813180205	0.316352643106904	0.313606385697515	0.311293257147532	

