precision:	0	0	0.0666666666666667	0.05	0.06	0.05	0.0428571428571429	0.05	0.0444444444444444	0.04	

MAP:	0.0262335092897831

NDCG:	0	0	0.0479624933136263	0.0403030283801005	0.0499584669735141	0.0470381117128364	0.0448132704374102	0.0512812257526651	0.0502321418401039	0.0493485152939626	

