precision:	0	0	0.0333333333333333	0.05	0.04	0.0333333333333333	0.0285714285714286	0.025	0.0222222222222222	0.02	

MAP:	0.0374028422927002

NDCG:	0	0	0.0239812466568131	0.039156202525847	0.0367194411289002	0.0349838268953095	0.0336615678410417	0.0336615678410417	0.0336615678410417	0.0336615678410417	

