precision:	0.1	0.25	0.233333333333333	0.175	0.14	0.116666666666667	0.114285714285714	0.1	0.0888888888888889	0.08	

MAP:	0.0996155401287494

NDCG:	0.1	0.25	0.238009376671593	0.209899714814376	0.192014251667968	0.179275103530541	0.177844828653052	0.175121852740661	0.172882376280691	0.170996101192689	

