precision:	0	0	0	0	0	0	0.0142857142857143	0.025	0.0222222222222222	0.02	

MAP:	0.0224825837051152

NDCG:	0	0	0	0	0	0	0.00827490824579292	0.0243468567229167	0.0238577384094801	0.0234457619023757	

