precision:	0.3	0.2	0.133333333333333	0.1	0.08	0.0833333333333333	0.0857142857142857	0.075	0.0666666666666667	0.06	

MAP:	0.167417579496118

NDCG:	0.3	0.25	0.21402813001478	0.201888165319553	0.194163814444822	0.19845961144348	0.201732318227533	0.200062733190882	0.198689604486187	0.197533040211196	

