precision:	0	0	0	0	0.02	0.0166666666666667	0.0285714285714286	0.025	0.0333333333333333	0.03	

MAP:	0.0188723674139969

NDCG:	0	0	0	0	0.0120921999903604	0.0109074589632733	0.0182797849879079	0.0175607338509124	0.0233379299436975	0.0224749694160484	

