precision:	0.2	0.15	0.133333333333333	0.1	0.08	0.0666666666666667	0.0714285714285714	0.0625	0.0666666666666667	0.06	

MAP:	0.0498193527271732

NDCG:	0.2	0.15	0.138009376671593	0.11596969716199	0.101946409452947	0.0919581447914787	0.0926236009312434	0.0859667367560083	0.0868604550103276	0.0837704945467348	

