precision:	0.1	0.05	0.0666666666666667	0.075	0.08	0.0833333333333333	0.0714285714285714	0.0625	0.0555555555555556	0.05	

MAP:	0.0613944438451444

NDCG:	0.1	0.05	0.0619906233284066	0.0680606056760201	0.0719227811133856	0.0757378515843946	0.0703694137830882	0.0660925942153763	0.0625751790587298	0.0607690809870798	

