precision:	0.1	0.15	0.166666666666667	0.125	0.1	0.1	0.0857142857142857	0.075	0.0666666666666667	0.06	

MAP:	0.0625343104261104

NDCG:	0.1	0.15	0.161990623328407	0.13612121135204	0.11966116224605	0.117734847301567	0.107992396714038	0.10023097619426	0.0938476958755211	0.089648292237536	

