precision:	0	0.1	0.0666666666666667	0.05	0.04	0.0333333333333333	0.0571428571428571	0.05	0.0444444444444444	0.04	

MAP:	0.0373732409808202

NDCG:	0	0.1	0.0760187533431869	0.0638787886479598	0.0561544377732289	0.0506526708213106	0.0630110252783895	0.0584824188260025	0.05475792478974	0.0531893840076439	

