precision:	0	0.05	0.133333333333333	0.125	0.1	0.0833333333333333	0.0857142857142857	0.0875	0.0888888888888889	0.08	

MAP:	0.0614036679529293

NDCG:	0	0.05	0.109953116642033	0.108363634056121	0.0952600867092323	0.087302360532501	0.089514760598237	0.0912772911970724	0.0952156677414367	0.0921877053333205	

