precision:	0.2	0.15	0.133333333333333	0.1	0.08	0.0833333333333333	0.0714285714285714	0.0625	0.0555555555555556	0.05	

MAP:	0.0588043741909976

NDCG:	0.2	0.15	0.138009376671593	0.11596969716199	0.101946409452947	0.101755708742054	0.093335517208793	0.0866274875647558	0.0811105550012915	0.0783500063147804	

