precision:	0	0	0	0.025	0.04	0.05	0.0571428571428571	0.0625	0.0555555555555556	0.06	

MAP:	0.0236029035618866

NDCG:	0	0	0	0.01596969716199	0.0261308094336676	0.0333681906191766	0.0388819117079513	0.043274472656993	0.0405185073845424	0.0448362837822893	

