precision:	0.1	0.1	0.133333333333333	0.125	0.12	0.116666666666667	0.1	0.0875	0.0888888888888889	0.09	

MAP:	0.0634906414872342

NDCG:	0.1	0.1	0.123981246656813	0.12015151419005	0.117714752793104	0.115979138559513	0.106381971259452	0.0987362921210041	0.0988167722473973	0.100426545722532	

