precision:	0.1	0.15	0.133333333333333	0.1	0.12	0.1	0.0857142857142857	0.075	0.0666666666666667	0.07	

MAP:	0.0638914004495226

NDCG:	0.1	0.15	0.138009376671593	0.11596969716199	0.126130809433668	0.114957803745112	0.106445769417926	0.0996645722952381	0.0940874640815495	0.096694931892028	

