precision:	0.1	0.1	0.1	0.075	0.06	0.05	0.0428571428571429	0.0375	0.0444444444444444	0.06	

MAP:	0.0470356558962156

NDCG:	0.1	0.1	0.1	0.0840303028380101	0.0738691905663324	0.0666318093808234	0.0611180882920487	0.056725527343007	0.0594814926154576	0.0689745247976954	

