precision:	0.1	0.1	0.0666666666666667	0.05	0.04	0.0333333333333333	0.0285714285714286	0.025	0.0222222222222222	0.02	

MAP:	0.026991649933973

NDCG:	0.1	0.1	0.0760187533431869	0.0638787886479598	0.0561544377732289	0.0506526708213106	0.0464612087868036	0.0431220387135025	0.0403757813041132	0.0392192170291215	

