precision:	0.2	0.2	0.166666666666667	0.175	0.16	0.15	0.142857142857143	0.1375	0.133333333333333	0.13	

MAP:	0.104934372195133

NDCG:	0.2	0.2	0.176018753343187	0.17984848580995	0.170193047216536	0.168222308642704	0.169058025428928	0.166124664685189	0.163712159930995	0.164412686634979	

