precision:	0	0.15	0.1	0.075	0.1	0.0833333333333333	0.0714285714285714	0.0625	0.0555555555555556	0.05	

MAP:	0.0364462772469751

NDCG:	0	0.15	0.11402813001478	0.0958181829719397	0.108416056640564	0.0977939241585126	0.0897015666644353	0.0832547092804927	0.0779525744777493	0.0734866714104862	

