precision:	0.2	0.1	0.0666666666666667	0.1	0.1	0.1	0.0857142857142857	0.1125	0.122222222222222	0.12	

MAP:	0.0847900541927682

NDCG:	0.2	0.1	0.0760187533431869	0.0958181829719397	0.0963238566502037	0.0966840291458148	0.088683514445663	0.103870843897122	0.109992896914138	0.11038420740275	

