precision:	0	0.1	0.133333333333333	0.1	0.1	0.1	0.0857142857142857	0.075	0.0777777777777778	0.07	

MAP:	0.0540795955530235

NDCG:	0	0.1	0.123981246656813	0.10418181702806	0.103676143349796	0.103315970854185	0.0947666690627512	0.0879557824426285	0.088722826921369	0.0851818824372316	

