precision:	0.3	0.25	0.2	0.15	0.12	0.116666666666667	0.1	0.1	0.0888888888888889	0.08	

MAP:	0.0841393737960081

NDCG:	0.3	0.25	0.21402813001478	0.17984848580995	0.158100847226176	0.154143993796956	0.142854599283455	0.141047796894108	0.133193245108297	0.129338030858325	

