precision:	0	0.1	0.133333333333333	0.1	0.08	0.0833333333333333	0.0714285714285714	0.075	0.0777777777777778	0.08	

MAP:	0.050124562399684

NDCG:	0	0.1	0.123981246656813	0.108011549494823	0.0978504372231456	0.103161503464171	0.098932773965417	0.102750920846931	0.10589110656174	0.110140019013995	

