precision:	0.1	0.15	0.133333333333333	0.125	0.1	0.1	0.0857142857142857	0.075	0.0666666666666667	0.07	

MAP:	0.0555287425924231

NDCG:	0.1	0.15	0.138009376671593	0.13193939432398	0.115985018896254	0.114418876447382	0.104950819405494	0.0974079972431314	0.0912045003273198	0.0956086104445431	

