precision:	0	0	0	0.025	0.04	0.05	0.0714285714285714	0.075	0.0666666666666667	0.07	

MAP:	0.02853763209399

NDCG:	0	0	0	0.01596969716199	0.0261308094336676	0.0333681906191766	0.0471568199537443	0.050954662713243	0.0477095791273558	0.0516153790179983	

