precision:	0.1	0.1	0.1	0.075	0.08	0.0666666666666667	0.0571428571428571	0.075	0.0777777777777778	0.08	

MAP:	0.0729576573132094

NDCG:	0.1	0.1	0.1	0.0840303028380101	0.0902389380857694	0.0830015569002604	0.0774878358114856	0.0874692877669448	0.0917986398623693	0.0944434685591592	

