precision:	0.3	0.15	0.1	0.075	0.06	0.0666666666666667	0.0571428571428571	0.05	0.0444444444444444	0.04	

MAP:	0.0490845972240703

NDCG:	0.3	0.15	0.11402813001478	0.0958181829719397	0.0842316566598433	0.0857765701825415	0.078678637703548	0.0730239989352513	0.0683734141270619	0.0660602855770785	

