precision:	0.1	0.05	0.0333333333333333	0.025	0.02	0.0333333333333333	0.0428571428571429	0.0625	0.0555555555555556	0.05	

MAP:	0.0518082829776305

NDCG:	0.1	0.05	0.0380093766715934	0.0319393943239799	0.0280772188866144	0.0351238993612309	0.0404923371625373	0.0519561631824996	0.0486472983337998	0.0458602945651816	

