precision:	0.1	0.15	0.133333333333333	0.1	0.1	0.0833333333333333	0.0714285714285714	0.0625	0.0666666666666667	0.07	

MAP:	0.0725468803816812

NDCG:	0.1	0.15	0.138009376671593	0.11596969716199	0.114038609443307	0.102865603754752	0.0943535694275654	0.0875723723048777	0.088363834528304	0.0906064469322774	

