precision:	0	0.15	0.1	0.1	0.08	0.0833333333333333	0.0714285714285714	0.075	0.0777777777777778	0.07	

MAP:	0.0713683841251655

NDCG:	0	0.15	0.11402813001478	0.117857862481543	0.10820242388813	0.111122779148807	0.105072712178441	0.10743987238072	0.109386712793761	0.106901489549771	

