precision:	0.1	0.1	0.0666666666666667	0.05	0.04	0.0666666666666667	0.0571428571428571	0.05	0.0555555555555556	0.05	

MAP:	0.0604662697585662

NDCG:	0.1	0.1	0.0760187533431869	0.0699487709955733	0.0660865955582079	0.0856817234593591	0.084060244604893	0.0827684772882029	0.0880746503371068	0.0868149546575463	

