precision:	0	0	0	0.025	0.02	0.0333333333333333	0.0428571428571429	0.0375	0.0333333333333333	0.04	

MAP:	0.0314579906990234

NDCG:	0	0	0	0.01596969716199	0.0140386094433072	0.0224607316559032	0.0288770349658364	0.0268016405996231	0.0250947592397338	0.0299643626928693	

