precision:	0.3	0.15	0.1	0.1	0.08	0.1	0.0857142857142857	0.0875	0.0888888888888889	0.08	

MAP:	0.0595831582770659

NDCG:	0.3	0.15	0.11402813001478	0.11178788013393	0.0982702661031506	0.108237301838445	0.0992807644235915	0.0993324559308749	0.0993749689451159	0.0941291970146151	

