precision:	0.2	0.1	0.0666666666666667	0.05	0.08	0.0833333333333333	0.0714285714285714	0.0625	0.0555555555555556	0.05	

MAP:	0.0539920542939569

NDCG:	0.2	0.1	0.0760187533431869	0.0638787886479598	0.0803388377539496	0.0822651526984328	0.0754577867943761	0.0700346307887389	0.0655744259965848	0.0622650872043133	

