precision:	0.1	0.1	0.1	0.075	0.06	0.0666666666666667	0.0571428571428571	0.075	0.0777777777777778	0.07	

MAP:	0.0429566343675513

NDCG:	0.1	0.1	0.1	0.0840303028380101	0.0738691905663324	0.076429373331399	0.0701049128153912	0.0794404811125054	0.0863718814456792	0.0832671433711553	

