precision:	0.1	0.15	0.1	0.075	0.06	0.0666666666666667	0.0714285714285714	0.075	0.0888888888888889	0.08	

MAP:	0.0803720482280523

NDCG:	0.1	0.15	0.11402813001478	0.101888165319553	0.0941638144448223	0.101210494919439	0.106578932720745	0.110855752288457	0.120741737882218	0.118057964862115	

