precision:	0.2	0.1	0.1	0.075	0.08	0.0833333333333333	0.0857142857142857	0.075	0.0666666666666667	0.06	

MAP:	0.050047872941307

NDCG:	0.2	0.1	0.1	0.0840303028380101	0.0859613905566928	0.0873368322946723	0.0883846978032991	0.082032483869374	0.076808187352838	0.0728198227321729	

