precision:	0.1	0.1	0.133333333333333	0.125	0.12	0.1	0.1	0.0875	0.0777777777777778	0.1	

MAP:	0.0681436721909629

NDCG:	0.1	0.1	0.123981246656813	0.12015151419005	0.117714752793104	0.106181574608937	0.105670054981902	0.0980755413122566	0.0918295313822039	0.110314845788462	

