precision:	0.1	0.1	0.0666666666666667	0.05	0.04	0.0333333333333333	0.0285714285714286	0.05	0.0555555555555556	0.05	

MAP:	0.0480932630129051

NDCG:	0.1	0.1	0.0760187533431869	0.0638787886479598	0.0561544377732289	0.0506526708213106	0.0464612087868036	0.0574960516180034	0.0602029455092657	0.0571394401277801	

