precision:	0	0	0	0.025	0.04	0.0333333333333333	0.0285714285714286	0.05	0.0444444444444444	0.04	

MAP:	0.039621473456946

NDCG:	0	0	0	0.01596969716199	0.0261308094336676	0.023570626668601	0.0216201789388158	0.03992313395961	0.0381874856947014	0.0367255770110643	

