precision:	0	0.05	0.1	0.075	0.06	0.05	0.0428571428571429	0.05	0.0444444444444444	0.04	

MAP:	0.0320816065368621

NDCG:	0	0.05	0.0859718699852197	0.0722424227040804	0.0635067244728215	0.057284612529681	0.0525443634038919	0.0559550030680107	0.0523914692845347	0.0505051941965329	

