precision:	0.1	0.15	0.133333333333333	0.125	0.1	0.0833333333333333	0.0714285714285714	0.075	0.0666666666666667	0.06	

MAP:	0.0466320517507009

NDCG:	0.1	0.15	0.138009376671593	0.13193939432398	0.115985018896254	0.104621312496806	0.0959639948821514	0.0962540628303843	0.0901240550404466	0.0870812156774532	

