precision:	0	0.05	0.0666666666666667	0.05	0.04	0.05	0.0428571428571429	0.05	0.0555555555555556	0.05	

MAP:	0.0316620814036203

NDCG:	0	0.05	0.0619906233284066	0.0520909085140302	0.045791971679718	0.0538539213967029	0.051720922915202	0.0572086548333669	0.0617219692528698	0.0602418816083575	

