precision:	0	0	0.0333333333333333	0.025	0.06	0.05	0.0428571428571429	0.0375	0.0333333333333333	0.03	

MAP:	0.0464513660224947

NDCG:	0	0	0.0239812466568131	0.0201515141900502	0.0418991527738243	0.0377940564860595	0.0346666329894749	0.0321751398397434	0.0301260433958091	0.028400122340511	

