precision:	0	0	0.0333333333333333	0.05	0.08	0.0833333333333333	0.0714285714285714	0.0625	0.0555555555555556	0.05	

MAP:	0.0387603948661335

NDCG:	0	0	0.0239812466568131	0.0361212113520402	0.0559377622171315	0.0602547881419627	0.0552687597095184	0.0512965903831165	0.0480297308927295	0.0463544948220477	

