precision:	0	0	0	0	0	0	0	0	0	0.01	

MAP:	0.022462693891079

NDCG:	0	0	0	0	0	0	0	0	0	0.0114419624946404	

