precision:	0	0	0	0	0	0.0166666666666667	0.0285714285714286	0.0375	0.0333333333333333	0.03	

MAP:	0.0467051294548087

NDCG:	0	0	0	0	0	0.0386852807234542	0.0469601889692471	0.0541090055775048	0.0536198872640682	0.0532079107569638	

