precision:	0.2	0.1	0.1	0.075	0.06	0.05	0.0428571428571429	0.05	0.0444444444444444	0.04	

MAP:	0.107397486471867

NDCG:	0.2	0.1	0.111990623328407	0.10209090851403	0.095791971679718	0.0913054739701681	0.0878874838986468	0.0956310186964475	0.0956310186964475	0.0956310186964475	

