precision:	0	0	0.0333333333333333	0.075	0.06	0.0666666666666667	0.0571428571428571	0.05	0.0444444444444444	0.05	

MAP:	0.0572781341424087

NDCG:	0	0	0.0239812466568131	0.0520909085140301	0.045791971679718	0.0536613183257707	0.0502433282542494	0.0494085357359242	0.0487219713835768	0.0538726893428487	

