precision:	0	0.05	0.0666666666666667	0.075	0.06	0.05	0.0571428571428571	0.0625	0.0555555555555556	0.06	

MAP:	0.0946166257559902

NDCG:	0	0.05	0.0619906233284066	0.0680606056760201	0.0680606056760201	0.0680606056760201	0.103681324386822	0.110868330839073	0.110410621270841	0.117018208585661	

