precision:	0.3	0.2	0.133333333333333	0.125	0.12	0.1	0.1	0.0875	0.0777777777777778	0.07	

MAP:	0.120485645804859

NDCG:	0.3	0.2	0.16402813001478	0.16178788013393	0.164224641530876	0.156162691813891	0.158295690295392	0.156147128450529	0.154380071440415	0.152891707674671	

