precision:	0.2	0.25	0.2	0.25	0.26	0.216666666666667	0.2	0.175	0.166666666666667	0.15	

MAP:	0.25516324809452

NDCG:	0.2	0.3	0.288009376671593	0.369948770995573	0.405653519405355	0.394289813005907	0.393907403637045	0.392477892929177	0.398630650016015	0.397640391371415	

