precision:	0	0.05	0.0333333333333333	0.025	0.06	0.0833333333333333	0.0857142857142857	0.0875	0.0777777777777778	0.07	

MAP:	0.12750594292791

NDCG:	0	0.1	0.1	0.1	0.15682320422174	0.18852168893907	0.199898730749148	0.210545195523808	0.210545195523808	0.210545195523808	

