precision:	0.2	0.1	0.166666666666667	0.125	0.1	0.116666666666667	0.1	0.0875	0.0777777777777778	0.08	

MAP:	0.105006352038754

NDCG:	0.2	0.1	0.159953116642033	0.146223669360894	0.137487971129635	0.150860987087645	0.14449925910739	0.141130399536654	0.138359724382579	0.141755029254817	

