precision:	0.2	0.25	0.233333333333333	0.225	0.2	0.166666666666667	0.142857142857143	0.1375	0.133333333333333	0.13	

MAP:	0.248223185031929

NDCG:	0.2	0.3	0.351102352028739	0.373142031538343	0.384514747170335	0.377277365984826	0.371763644896051	0.377618996299786	0.383394523944786	0.389079639734098	

