precision:	0.4	0.2	0.2	0.2	0.16	0.133333333333333	0.128571428571429	0.125	0.122222222222222	0.11	

MAP:	0.179889912040623

NDCG:	0.4	0.2	0.211990623328407	0.25209090851403	0.241929796242353	0.234692415056844	0.237453602213862	0.243587217790372	0.24863173090398	0.247151643259468	

