precision:	0.1	0.1	0.1	0.075	0.12	0.1	0.0857142857142857	0.075	0.0666666666666667	0.07	

MAP:	0.151838193670598

NDCG:	0.1	0.15	0.161990623328407	0.15209090851403	0.185930747088165	0.180640909773313	0.17661090405557	0.175891852918574	0.175300478574245	0.181795482192918	

