precision:	0	0	0.0333333333333333	0.025	0.02	0.0333333333333333	0.0571428571428571	0.05	0.0444444444444444	0.05	

MAP:	0.0263120517767222

NDCG:	0	0	0.0239812466568131	0.0201515141900502	0.0177147527931035	0.0257767025100884	0.0401935205201734	0.0378995277965449	0.036012863033728	0.0401527556738535	

