precision:	0.1	0.05	0.0333333333333333	0.025	0.02	0.0333333333333333	0.0285714285714286	0.025	0.0222222222222222	0.02	

MAP:	0.126291638026321

NDCG:	0.1	0.1	0.1	0.1	0.1	0.112355844355603	0.112355844355603	0.112355844355603	0.112355844355603	0.112355844355603	

