precision:	0	0	0	0	0.04	0.0333333333333333	0.0285714285714286	0.05	0.0444444444444444	0.04	

MAP:	0.0324739657280205

NDCG:	0	0	0	0	0.0241843999807207	0.0218149179265466	0.0200097534842299	0.0429818526747062	0.0417991039860468	0.0408028937437587	

