precision:	0.4	0.25	0.3	0.275	0.24	0.2	0.171428571428571	0.1625	0.166666666666667	0.16	

MAP:	0.232943253064282

NDCG:	0.4	0.25	0.297962493313626	0.324333331218111	0.321806268234611	0.308346775105962	0.298092804891398	0.304226420467908	0.316599373334138	0.322112394429444	

