precision:	0.3	0.2	0.166666666666667	0.15	0.12	0.116666666666667	0.1	0.0875	0.0777777777777778	0.07	

MAP:	0.122594840693025

NDCG:	0.3	0.2	0.188009376671593	0.18193939432398	0.16984719433362	0.171031935360707	0.163659609336072	0.161125542283661	0.159041431481933	0.1572860183949	

