precision:	0.2	0.1	0.0666666666666667	0.125	0.12	0.133333333333333	0.114285714285714	0.1	0.1	0.09	

MAP:	0.168530892395497

NDCG:	0.2	0.15	0.138009376671593	0.17984848580995	0.182285247206896	0.193818425391063	0.186055036772305	0.184574360595634	0.193432354644207	0.192406652370183	

