precision:	0.1	0.05	0.0333333333333333	0.025	0.04	0.0333333333333333	0.0285714285714286	0.05	0.0444444444444444	0.04	

MAP:	0.0761578896288379

NDCG:	0.1	0.05	0.0380093766715934	0.0380093766715934	0.0501015766619538	0.0489168356348667	0.0480142534137084	0.0711488753956299	0.0700997914830687	0.0692161649369274	

