precision:	0	0	0	0	0.04	0.0333333333333333	0.0285714285714286	0.025	0.0222222222222222	0.03	

MAP:	0.024455349985044

NDCG:	0	0	0	0	0.0241843999807207	0.0218149179265466	0.0200097534842299	0.0185716512102389	0.0173889025215795	0.0233858010191088	

