precision:	0	0	0	0	0	0	0	0	0	0.01	

MAP:	0.00694870952902816

NDCG:	0	0	0	0	0	0	0	0	0	0.00572900009676766	

