precision:	0	0.05	0.0333333333333333	0.025	0.02	0.0166666666666667	0.0285714285714286	0.025	0.0222222222222222	0.03	

MAP:	0.0396661707101718

NDCG:	0	0.05	0.05	0.05	0.05	0.05	0.0582749082457929	0.0582749082457929	0.0582749082457929	0.0652680169856103	

