precision:	0	0	0	0	0.02	0.0333333333333333	0.0285714285714286	0.0375	0.0333333333333333	0.03	

MAP:	0.0320979222823975

NDCG:	0	0	0	0	0.0120921999903604	0.0207050229138489	0.0189917012654575	0.0342934331367836	0.0331708600983485	0.0322253348406767	

