precision:	0.1	0.1	0.0666666666666667	0.125	0.12	0.1	0.114285714285714	0.1	0.1	0.09	

MAP:	0.170100030240733

NDCG:	0.1	0.15	0.15	0.20693939432398	0.215169418876975	0.211233794373929	0.252131108092112	0.251296315573787	0.257938190974062	0.257359908836566	

