precision:	0.2	0.25	0.233333333333333	0.225	0.26	0.216666666666667	0.185714285714286	0.1625	0.155555555555556	0.14	

MAP:	0.242212490880817

NDCG:	0.2	0.3	0.351102352028739	0.367072049190729	0.415136736885513	0.402778990169871	0.393364373621526	0.391810529966205	0.397861031022151	0.396784643763511	

