precision:	0.3	0.25	0.2	0.15	0.14	0.116666666666667	0.114285714285714	0.1125	0.1	0.09	

MAP:	0.149523231165129

NDCG:	0.3	0.3	0.276018753343187	0.253979073833583	0.255910161552266	0.24748803933967	0.24934664427553	0.255219881401242	0.253681679175244	0.252386076121998	

