precision:	0.1	0.1	0.0666666666666667	0.05	0.06	0.05	0.0571428571428571	0.05	0.0444444444444444	0.04	

MAP:	0.0888410785643511

NDCG:	0.1	0.15	0.138009376671593	0.13193939432398	0.140169418876975	0.136233794373929	0.151045840490918	0.151045840490918	0.151045840490918	0.151045840490918	

