precision:	0.2	0.15	0.166666666666667	0.175	0.16	0.133333333333333	0.128571428571429	0.1125	0.1	0.09	

MAP:	0.12674740849733

NDCG:	0.2	0.15	0.161990623328407	0.174130588023634	0.200738194724983	0.189014315829924	0.188357512915421	0.185874611331812	0.183832580910754	0.182112611453143	

