precision:	0.2	0.1	0.0666666666666667	0.05	0.04	0.0333333333333333	0.0428571428571429	0.05	0.0444444444444444	0.05	

MAP:	0.0861427193483749

NDCG:	0.2	0.1	0.0880093766715934	0.0819393943239799	0.0780772188866145	0.0753263354106553	0.0815055126391947	0.0886543292474524	0.0881652109340158	0.0947463431667288	

