precision:	0.2	0.2	0.133333333333333	0.125	0.1	0.0833333333333333	0.0714285714285714	0.075	0.0666666666666667	0.06	

MAP:	0.0966317540119199

NDCG:	0.2	0.2	0.16402813001478	0.167857862481543	0.15820242388813	0.151325215198232	0.146085887655098	0.150768516552373	0.148251113927099	0.146130746089614	

