precision:	0.1	0.15	0.133333333333333	0.1	0.12	0.116666666666667	0.114285714285714	0.1	0.1	0.1	

MAP:	0.194305569193838

NDCG:	0.1	0.2	0.20756524102176	0.201495258674146	0.257070486563557	0.273662243449325	0.28294355424215	0.28294355424215	0.289312124679265	0.295940378012577	

