precision:	0.1	0.05	0.0333333333333333	0.05	0.04	0.0333333333333333	0.0285714285714286	0.0375	0.0333333333333333	0.03	

MAP:	0.129325027505652

NDCG:	0.1	0.1	0.1	0.11596969716199	0.114038609443307	0.112663167705328	0.111615302196701	0.117967516130626	0.116823242210047	0.115859438647554	

