precision:	0.1	0.1	0.1	0.075	0.06	0.05	0.0428571428571429	0.0375	0.0555555555555556	0.05	

MAP:	0.138298104946584

NDCG:	0.1	0.15	0.173981246656813	0.17015151419005	0.167714752793104	0.165979138559513	0.164656879505245	0.164656879505245	0.211976611023104	0.211976611023104	

