precision:	0	0.05	0.1	0.15	0.14	0.183333333333333	0.157142857142857	0.1375	0.122222222222222	0.12	

MAP:	0.144940936021092

NDCG:	0	0.05	0.0935371110069795	0.169406522983346	0.173774372098975	0.242630587216243	0.236725803533345	0.235245127356675	0.234027364310222	0.239994770776016	

