precision:	0	0	0	0	0.02	0.0333333333333333	0.0285714285714286	0.05	0.0444444444444444	0.04	

MAP:	0.0458722218512516

NDCG:	0	0	0	0	0.0120921999903604	0.0207050229138489	0.0189917012654575	0.0420369679345842	0.0409143948961491	0.0399688696384773	

