precision:	0	0	0.1	0.1	0.14	0.183333333333333	0.157142857142857	0.1375	0.122222222222222	0.11	

MAP:	0.141407314896365

NDCG:	0	0	0.0795089809921992	0.125679248525436	0.19049454291655	0.23304445295218	0.228295550601129	0.226930615805788	0.225808042767353	0.224862517509682	

