precision:	0.2	0.15	0.133333333333333	0.125	0.1	0.1	0.0857142857142857	0.075	0.0666666666666667	0.06	

MAP:	0.12196700689295

NDCG:	0.2	0.2	0.2	0.2	0.189838887728322	0.192399070493389	0.186074609977381	0.185428726319036	0.184897527624931	0.184450107488403	

