precision:	0	0.05	0.0333333333333333	0.075	0.06	0.05	0.0571428571428571	0.05	0.0444444444444444	0.05	

MAP:	0.0495507154891904

NDCG:	0	0.05	0.05	0.0819393943239799	0.0780772188866145	0.0753263354106553	0.0815055126391947	0.0806707201208695	0.0799841557685221	0.0863989823708437	

