precision:	0.2	0.2	0.166666666666667	0.125	0.12	0.116666666666667	0.114285714285714	0.1	0.0888888888888889	0.08	

MAP:	0.102997283151376

NDCG:	0.2	0.2	0.176018753343187	0.14790909148597	0.142115828329922	0.137989503115983	0.144381357699711	0.140323136489414	0.136985504735695	0.134174271064568	

