precision:	0	0.15	0.1	0.075	0.08	0.0666666666666667	0.0571428571428571	0.05	0.0555555555555556	0.06	

MAP:	0.120140524562484

NDCG:	0	0.2	0.188009376671593	0.18193939432398	0.190169418876975	0.186233794373929	0.183235481135517	0.182516429998521	0.213471543332764	0.228024937994819	

