precision:	0.1	0.1	0.0666666666666667	0.05	0.08	0.0666666666666667	0.0714285714285714	0.0875	0.0777777777777778	0.07	

MAP:	0.12320908355977

NDCG:	0.1	0.1	0.0880093766715934	0.0819393943239799	0.102261618867335	0.0971412533372019	0.101515266123425	0.125206416450896	0.124615042106567	0.124116936985423	

