precision:	0	0.05	0.0666666666666667	0.05	0.06	0.0666666666666667	0.0571428571428571	0.0625	0.0555555555555556	0.05	

MAP:	0.0537817656787937

NDCG:	0	0.05	0.0695558643501663	0.0634858820025528	0.0717159065555477	0.0871229224142286	0.0841246091758167	0.0905925644910716	0.0895434805785104	0.0886598540323691	

