precision:	0.1	0.15	0.1	0.075	0.08	0.0666666666666667	0.0714285714285714	0.0625	0.0555555555555556	0.05	

MAP:	0.0842528080272458

NDCG:	0.1	0.15	0.126018753343187	0.11387878864796	0.127688265676899	0.12218649872498	0.126269944936266	0.124005641710073	0.122143394691941	0.120574853909845	

