precision:	0.1	0.15	0.1	0.1	0.12	0.1	0.0857142857142857	0.0875	0.0777777777777778	0.07	

MAP:	0.0957396661885345

NDCG:	0.1	0.15	0.126018753343187	0.12984848580995	0.153819075110566	0.145757125393581	0.139615215629289	0.148707836748628	0.147429898051951	0.146353510793311	

