precision:	0.1	0.05	0.1	0.075	0.08	0.0833333333333333	0.0714285714285714	0.0625	0.0555555555555556	0.05	

MAP:	0.0657599377572034

NDCG:	0.1	0.05	0.0935371110069795	0.083637396192603	0.0894306593486512	0.103102060973741	0.0987814886810617	0.0970090466683257	0.0955513245687211	0.094323508634567	

