precision:	0.1	0.05	0.0666666666666667	0.075	0.06	0.05	0.0571428571428571	0.05	0.0444444444444444	0.04	

MAP:	0.0494296155529692

NDCG:	0.1	0.05	0.0619906233284066	0.0710955968498269	0.0686588354528801	0.0669232212192894	0.0738758704108146	0.0738758704108146	0.0738758704108146	0.0738758704108146	

