precision:	0.3	0.25	0.166666666666667	0.15	0.14	0.116666666666667	0.1	0.0875	0.0777777777777778	0.07	

MAP:	0.121402804967141

NDCG:	0.3	0.25	0.190046883357967	0.181736651129503	0.176449061651719	0.162885344982816	0.152551973184017	0.14849375197372	0.145156120220001	0.142344886548874	

