precision:	0.4	0.2	0.133333333333333	0.125	0.14	0.15	0.128571428571429	0.1125	0.111111111111111	0.1	

MAP:	0.180798979048114

NDCG:	0.4	0.2	0.16402813001478	0.167857862481543	0.217224455123195	0.236414986899386	0.231558068725114	0.229358341411448	0.234877643773288	0.233353836378121	

