precision:	0	0.1	0.0666666666666667	0.05	0.04	0.0333333333333333	0.0428571428571429	0.0375	0.0333333333333333	0.03	

MAP:	0.0514471726077099

NDCG:	0	0.1	0.0880093766715934	0.0819393943239799	0.0780772188866145	0.0753263354106553	0.0815055126391947	0.0792412094130013	0.07737896239487	0.0758104216127739	

