precision:	0.2	0.15	0.133333333333333	0.1	0.08	0.0833333333333333	0.0714285714285714	0.0625	0.0555555555555556	0.05	

MAP:	0.103511431598979

NDCG:	0.2	0.15	0.15756524102176	0.145425276326533	0.137700925451802	0.141996722450459	0.136994520988719	0.134679052293723	0.132774724894923	0.131170740483404	

