precision:	0.2	0.1	0.1	0.075	0.06	0.05	0.0428571428571429	0.0375	0.0333333333333333	0.04	

MAP:	0.0603783533985022

NDCG:	0.2	0.1	0.1	0.0840303028380101	0.0738691905663324	0.0666318093808234	0.0611180882920487	0.0611180882920487	0.0611180882920487	0.0707328040269065	

