precision:	0	0.1	0.1	0.075	0.06	0.05	0.0428571428571429	0.0375	0.0333333333333333	0.04	

MAP:	0.0737199265183275

NDCG:	0	0.1	0.111990623328407	0.10209090851403	0.095791971679718	0.0913054739701681	0.0878874838986468	0.0862178988619963	0.0848447701573016	0.0894172059790776	

