precision:	0.2	0.1	0.1	0.1	0.08	0.0666666666666667	0.0714285714285714	0.0625	0.0555555555555556	0.05	

MAP:	0.160835796402787

NDCG:	0.2	0.15	0.161990623328407	0.17492532931659	0.171063153879224	0.168312270403265	0.174491447631805	0.173896729442262	0.173407611128825	0.172995634621721	

