precision:	0.3	0.15	0.133333333333333	0.1	0.1	0.0833333333333333	0.0714285714285714	0.075	0.0666666666666667	0.06	

MAP:	0.167964929149691

NDCG:	0.3	0.15	0.189111728700333	0.183041746352719	0.195549318434791	0.192798434958831	0.190702703941578	0.207369370608245	0.207369370608245	0.207369370608245	

