precision:	0	0.05	0.0666666666666667	0.1	0.08	0.0666666666666667	0.0571428571428571	0.0875	0.0888888888888889	0.09	

MAP:	0.127241006773729

NDCG:	0	0.1	0.131546487678573	0.163485882002553	0.159623706565187	0.156872823089228	0.154777092071975	0.205109104113893	0.214040587288339	0.222691499460704	

