precision:	0.3	0.15	0.133333333333333	0.15	0.16	0.133333333333333	0.128571428571429	0.1125	0.122222222222222	0.11	

MAP:	0.140051081734753

NDCG:	0.3	0.15	0.138009376671593	0.153979073833583	0.19511564192224	0.183942636233685	0.183705510152291	0.181556948307427	0.202891574889223	0.201403211123478	

