precision:	0.1	0.15	0.133333333333333	0.15	0.18	0.15	0.128571428571429	0.1125	0.122222222222222	0.11	

MAP:	0.152718037943072

NDCG:	0.1	0.15	0.15	0.172039679509603	0.204096063162124	0.195673940949528	0.189257637639595	0.188422845121269	0.201433290958659	0.200490153414658	

