precision:	0.2	0.1	0.0666666666666667	0.05	0.06	0.05	0.0428571428571429	0.0375	0.0333333333333333	0.03	

MAP:	0.0848137366266036

NDCG:	0.2	0.1	0.0880093766715934	0.0819393943239799	0.0940315943143403	0.0928468532872532	0.0919442710660948	0.0912252199290993	0.0906338455847697	0.0901357404636256	

