precision:	0	0	0	0.025	0.02	0.0333333333333333	0.0571428571428571	0.05	0.0444444444444444	0.04	

MAP:	0.0292721978361351

NDCG:	0	0	0	0.01596969716199	0.0140386094433072	0.0250190120609303	0.0405209630438894	0.0399262448543464	0.0394371265409099	0.0390251500338054	

