precision:	0	0.05	0.0666666666666667	0.1	0.1	0.0833333333333333	0.0857142857142857	0.1	0.1	0.09	

MAP:	0.137059085544226

NDCG:	0	0.1	0.131546487678573	0.163485882002553	0.202691362372527	0.199940478896567	0.209221789689393	0.226220468397978	0.235151951572424	0.234188148009931	

