precision:	0	0.1	0.166666666666667	0.225	0.22	0.2	0.185714285714286	0.1625	0.144444444444444	0.14	

MAP:	0.220158413229331

NDCG:	0	0.15	0.249064845342365	0.302249177882993	0.327377441929385	0.339482701105603	0.347508193164746	0.346673400646421	0.345986836294074	0.352401662896395	

