precision:	0	0	0	0	0	0.0166666666666667	0.0285714285714286	0.025	0.0222222222222222	0.02	

MAP:	0.0454659335502128

NDCG:	0	0	0	0	0	0.0386852807234542	0.0469601889692471	0.0463654707797041	0.0458763524662676	0.0454643759591632	

