precision:	0.1	0.05	0.0666666666666667	0.05	0.04	0.0333333333333333	0.0285714285714286	0.0375	0.0333333333333333	0.03	

MAP:	0.127036472426784

NDCG:	0.1	0.1	0.123981246656813	0.12015151419005	0.117714752793104	0.115979138559513	0.114656879505245	0.120790495081755	0.119466437758248	0.118351205520241	

