precision:	0.1	0.05	0.0333333333333333	0.025	0.04	0.0333333333333333	0.0285714285714286	0.025	0.0222222222222222	0.02	

MAP:	0.129686720397433

NDCG:	0.1	0.1	0.1	0.1	0.113755548414401	0.113755548414401	0.113755548414401	0.113755548414401	0.113755548414401	0.113755548414401	

