precision:	0	0.1	0.1	0.1	0.12	0.116666666666667	0.1	0.1	0.0888888888888889	0.08	

MAP:	0.0778541100682503

NDCG:	0	0.1	0.10756524102176	0.120425276326533	0.136885325432522	0.138811640377006	0.132004274472949	0.135852110851898	0.132648143874277	0.129949493899297	

