precision:	0.1	0.15	0.1	0.075	0.06	0.0666666666666667	0.0714285714285714	0.0625	0.0555555555555556	0.05	

MAP:	0.137879791130999

NDCG:	0.1	0.2	0.188009376671593	0.188009376671593	0.188009376671593	0.197806940622169	0.205271109440729	0.204625225782384	0.204094027088278	0.203646606951751	

