precision:	0.2	0.15	0.133333333333333	0.15	0.16	0.15	0.128571428571429	0.1125	0.1	0.1	

MAP:	0.260869235162017

NDCG:	0.2	0.25	0.261990623328407	0.28403030283801	0.315457503718715	0.332049260604483	0.329953529587229	0.329953529587229	0.329953529587229	0.335682529683997	

