precision:	0	0.05	0.0666666666666667	0.075	0.06	0.05	0.0428571428571429	0.0375	0.0333333333333333	0.03	

MAP:	0.0301124215943099

NDCG:	0	0.05	0.0619906233284066	0.0680606056760201	0.0598305811230252	0.0539686416754958	0.0495027860953478	0.0469984085403719	0.0449387154833299	0.0432038690708424	

