precision:	0.3	0.25	0.2	0.15	0.14	0.116666666666667	0.1	0.0875	0.0888888888888889	0.09	

MAP:	0.163002004678022

NDCG:	0.3	0.25	0.265130482043519	0.246920535000679	0.247426208678943	0.237988817223978	0.23079904195106	0.228410405777414	0.232814473165504	0.245846448146062	

