precision:	0	0.1	0.0666666666666667	0.05	0.06	0.05	0.0428571428571429	0.0375	0.0444444444444444	0.04	

MAP:	0.111796224972676

NDCG:	0	0.15	0.15	0.15	0.16209219999036	0.160907458963273	0.160004876742115	0.160004876742115	0.16637344717923	0.166008591772725	

