precision:	0.2	0.3	0.266666666666667	0.225	0.2	0.183333333333333	0.171428571428571	0.15	0.133333333333333	0.12	

MAP:	0.300993004025264

NDCG:	0.2	0.4	0.419555864350166	0.413485882002553	0.41321814270791	0.415585722402045	0.416251178541809	0.413986875315616	0.412124628297485	0.410556087515389	

