precision:	0.1	0.1	0.0666666666666667	0.05	0.04	0.05	0.0571428571428571	0.0625	0.0555555555555556	0.05	

MAP:	0.0736293426654042

NDCG:	0.1	0.1	0.0880093766715934	0.0819393943239799	0.0780772188866145	0.0851238993612309	0.0904923371625373	0.0959204032653423	0.0940160758665422	0.0924120914550228	

