precision:	0.1	0.05	0.0333333333333333	0.025	0.04	0.0333333333333333	0.0428571428571429	0.05	0.0444444444444444	0.05	

MAP:	0.0596183872116507

NDCG:	0.1	0.05	0.0380093766715934	0.0319393943239799	0.0401694188769748	0.0362337943739286	0.0510458404909179	0.0575137958061728	0.0564647118936116	0.0706325851306693	

