precision:	0	0	0.0666666666666667	0.075	0.1	0.116666666666667	0.114285714285714	0.1125	0.111111111111111	0.11	

MAP:	0.12066523418792

NDCG:	0	0	0.055527734335386	0.101698001868623	0.123445640452397	0.138935672065783	0.142461677960526	0.174430076498519	0.183383260555109	0.193879697792077	

