precision:	0	0.1	0.1	0.075	0.06	0.0666666666666667	0.0714285714285714	0.0625	0.0555555555555556	0.05	

MAP:	0.0680966365674349

NDCG:	0	0.1	0.111990623328407	0.108160890861644	0.105724129464697	0.118692549297747	0.125645198489272	0.125645198489272	0.125645198489272	0.125645198489272	

