precision:	0.1	0.15	0.133333333333333	0.1	0.08	0.0666666666666667	0.0571428571428571	0.0625	0.0555555555555556	0.05	

MAP:	0.127420350589648

NDCG:	0.1	0.15	0.15756524102176	0.145425276326533	0.137700925451802	0.132199158499883	0.128007696465376	0.134081646226527	0.132708517521832	0.13155195324684	

