precision:	0.1	0.05	0.0666666666666667	0.05	0.04	0.0333333333333333	0.0285714285714286	0.025	0.0222222222222222	0.03	

MAP:	0.0544825668143449

NDCG:	0.1	0.05	0.0619906233284066	0.055920640980793	0.0520584655434276	0.0493075820674685	0.047211851050215	0.047211851050215	0.047211851050215	0.0568265667850728	

