precision:	0	0.05	0.0333333333333333	0.025	0.02	0.0166666666666667	0.0428571428571429	0.0375	0.0444444444444444	0.04	

MAP:	0.0901674743434319

NDCG:	0	0.05	0.05	0.05	0.05	0.05	0.0665498164915858	0.0659550983020429	0.0812392238278928	0.0808272473207884	

