precision:	0.2	0.3	0.3	0.275	0.24	0.2	0.185714285714286	0.1625	0.144444444444444	0.13	

MAP:	0.253450838293231

NDCG:	0.2	0.35	0.420658216378905	0.430557931193282	0.42904221556631	0.416303067428883	0.41797492611568	0.41630534107903	0.414932212374335	0.413775648099343	

