precision:	0.2	0.15	0.1	0.075	0.08	0.0666666666666667	0.0571428571428571	0.05	0.0555555555555556	0.05	

MAP:	0.148153613124621

NDCG:	0.2	0.2	0.176018753343187	0.16387878864796	0.177688265676899	0.17218649872498	0.167995036690473	0.166325451653823	0.171320893386243	0.169799473704746	

