precision:	0.1	0.05	0.0333333333333333	0.025	0.02	0.05	0.0571428571428571	0.0625	0.0555555555555556	0.05	

MAP:	0.138667585100078

NDCG:	0.1	0.1	0.1	0.1	0.1	0.119595127901151	0.126248557292478	0.133346208431934	0.132815009737828	0.1323675896013	

