precision:	0.1	0.05	0.0666666666666667	0.05	0.06	0.0833333333333333	0.0714285714285714	0.0875	0.0888888888888889	0.09	

MAP:	0.107268997226166

NDCG:	0.1	0.05	0.0619906233284066	0.0520909085140302	0.0621617191991549	0.106158066163635	0.101929336664881	0.120673078649895	0.150846437623773	0.156682982088599	

