precision:	0	0.05	0.0333333333333333	0.025	0.02	0.0333333333333333	0.0428571428571429	0.075	0.0777777777777778	0.07	

MAP:	0.116378668867366

NDCG:	0	0.1	0.1	0.1	0.1	0.119342640361727	0.130719682171806	0.185345945054459	0.195421702149484	0.195421702149484	

