precision:	0.1	0.2	0.2	0.225	0.2	0.2	0.185714285714286	0.1625	0.155555555555556	0.14	

MAP:	0.205512212501816

NDCG:	0.1	0.2	0.239111728700333	0.274011443514709	0.272495727887737	0.317784500835491	0.319456359522288	0.317786774485638	0.323742085533566	0.322585521258574	

