precision:	0.2	0.2	0.2	0.15	0.14	0.133333333333333	0.114285714285714	0.1125	0.111111111111111	0.1	

MAP:	0.185470342612274

NDCG:	0.2	0.25	0.273981246656813	0.25418181702806	0.253676143349796	0.253315970854185	0.244766669062751	0.249141344289816	0.252739239572855	0.250040688941821	

