precision:	0.2	0.1	0.0666666666666667	0.075	0.08	0.0666666666666667	0.0571428571428571	0.05	0.0444444444444444	0.05	

MAP:	0.158756816845174

NDCG:	0.2	0.15	0.138009376671593	0.150944082659777	0.163451654741848	0.160700771265889	0.158605040248636	0.158605040248636	0.158605040248636	0.164334040345403	

