precision:	0.2	0.15	0.133333333333333	0.125	0.16	0.15	0.128571428571429	0.1125	0.1	0.09	

MAP:	0.247839750215813

NDCG:	0.2	0.25	0.261990623328407	0.26806060567602	0.301632704955512	0.30850801128537	0.304332722280159	0.303613671143163	0.303022296798834	0.30252419167769	

