precision:	0	0	0	0	0.04	0.0333333333333333	0.0428571428571429	0.05	0.0666666666666667	0.06	

MAP:	0.0622232313310409

NDCG:	0	0	0	0	0.0241843999807207	0.0218149179265466	0.0282846617300228	0.0360281965278234	0.061877197462135	0.061877197462135	

