precision:	0.1	0.05	0.0333333333333333	0.025	0.02	0.05	0.0428571428571429	0.05	0.0555555555555556	0.07	

MAP:	0.0602733344608591

NDCG:	0.1	0.05	0.0380093766715934	0.0319393943239799	0.0280772188866144	0.073809180084685	0.0709027096401985	0.0763307757430036	0.0817548880968259	0.0973218662767146	

