precision:	0	0	0	0	0	0	0	0	0.0111111111111111	0.01	

MAP:	0.0191494377483219

NDCG:	0	0	0	0	0	0	0	0	0.00732843975262251	0.00732843975262251	

