precision:	0	0.05	0.0666666666666667	0.075	0.06	0.05	0.0428571428571429	0.05	0.0555555555555556	0.06	

MAP:	0.0515505828221264

NDCG:	0	0.05	0.0619906233284066	0.0710955968498269	0.0647966600155147	0.0620457765395555	0.0599500455223021	0.0689269252603115	0.0795444198840234	0.0841168557057994	

