precision:	0	0.1	0.1	0.1	0.08	0.0666666666666667	0.0857142857142857	0.0875	0.0888888888888889	0.09	

MAP:	0.0708718494238001

NDCG:	0	0.1	0.1	0.103034991173807	0.0928738789021291	0.0873721119502109	0.109265917516898	0.115978494028714	0.124733741634294	0.127737636673974	

