precision:	0	0.05	0.0333333333333333	0.05	0.04	0.0333333333333333	0.0428571428571429	0.05	0.0444444444444444	0.04	

MAP:	0.0301347148657367

NDCG:	0	0.05	0.0380093766715934	0.0509440826597766	0.0470819072224112	0.044331023746452	0.0536123345392773	0.0591297559548772	0.057298917681951	0.0557568319819621	

