precision:	0.2	0.25	0.166666666666667	0.125	0.1	0.0833333333333333	0.0714285714285714	0.0625	0.0666666666666667	0.07	

MAP:	0.0956709616227693

NDCG:	0.2	0.25	0.190046883357967	0.165766953967513	0.150318252218051	0.142065601790174	0.135778408738413	0.132439238665112	0.136061551692838	0.139112567833117	

