precision:	0.2	0.15	0.1	0.1	0.08	0.0666666666666667	0.0714285714285714	0.0875	0.1	0.1	

MAP:	0.12895803533979

NDCG:	0.2	0.15	0.126018753343187	0.132883476983757	0.125159126109026	0.122408242633066	0.128587419861606	0.144156587862323	0.160195825041481	0.166328992507577	

