precision:	0.3	0.15	0.1	0.075	0.1	0.1	0.1	0.0875	0.0777777777777778	0.07	

MAP:	0.0924481966843665

NDCG:	0.3	0.15	0.11402813001478	0.0958181829719397	0.117857684553873	0.119402598076572	0.123116712186228	0.119777542112927	0.117031284703538	0.114718156153554	

