precision:	0.2	0.2	0.133333333333333	0.1	0.1	0.0833333333333333	0.0857142857142857	0.075	0.0666666666666667	0.07	

MAP:	0.0700918198029251

NDCG:	0.2	0.2	0.152037506686374	0.12775757729592	0.124401075536818	0.112212800605895	0.116400067143055	0.111391312033103	0.108645054623714	0.112060926170498	

