precision:	0.2	0.15	0.133333333333333	0.1	0.08	0.1	0.1	0.0875	0.0777777777777778	0.07	

MAP:	0.0768856950305241

NDCG:	0.2	0.15	0.138009376671593	0.122039679509603	0.111878567237926	0.124236313953568	0.126186761683353	0.120553598886424	0.115920676714217	0.112018440707592	

