precision:	0	0.05	0.0666666666666667	0.05	0.04	0.0333333333333333	0.0285714285714286	0.025	0.0222222222222222	0.02	

MAP:	0.026464387285398

NDCG:	0	0.05	0.0619906233284066	0.0520909085140302	0.0496541471170834	0.0479185328834927	0.0465962738292249	0.0455428829534844	0.0446765351982095	0.0439468243851995	

