precision:	0.2	0.2	0.166666666666667	0.125	0.12	0.133333333333333	0.114285714285714	0.1	0.1	0.09	

MAP:	0.127496890561503

NDCG:	0.2	0.2	0.176018753343187	0.153979073833583	0.16148961402821	0.181312111264945	0.17579839017617	0.171405829227128	0.179783847390871	0.176741008027877	

