precision:	0.2	0.15	0.166666666666667	0.125	0.14	0.116666666666667	0.114285714285714	0.1125	0.111111111111111	0.1	

MAP:	0.147016708962665

NDCG:	0.2	0.15	0.173981246656813	0.158011549494823	0.172034837203866	0.165178857440142	0.168230611172097	0.176863658157032	0.179912259476411	0.176751047353656	

