precision:	0.1	0.1	0.0666666666666667	0.075	0.08	0.0666666666666667	0.0571428571428571	0.05	0.0666666666666667	0.06	

MAP:	0.0481665083877921

NDCG:	0.1	0.1	0.0760187533431869	0.0828834769837565	0.0889146745234261	0.086163791047467	0.0840680600302135	0.082398474993563	0.0941956610407353	0.0926742413592387	

