precision:	0.2	0.1	0.0666666666666667	0.05	0.04	0.0333333333333333	0.0428571428571429	0.05	0.0555555555555556	0.06	

MAP:	0.0905365782752121

NDCG:	0.2	0.1	0.0760187533431869	0.0638787886479598	0.0561544377732289	0.0506526708213106	0.0568318480498501	0.061754551275907	0.0671762938313537	0.0810654402759461	

