precision:	0.1	0.1	0.0666666666666667	0.05	0.04	0.0333333333333333	0.0285714285714286	0.0375	0.0333333333333333	0.03	

MAP:	0.0607606619414278

NDCG:	0.1	0.1	0.0760187533431869	0.0638787886479598	0.0561544377732289	0.0534035542972697	0.0534035542972697	0.0627626272594746	0.0627626272594746	0.0627626272594746	

