precision:	0.2	0.15	0.1	0.1	0.08	0.0666666666666667	0.0571428571428571	0.0625	0.0555555555555556	0.06	

MAP:	0.0668447594205011

NDCG:	0.2	0.15	0.11402813001478	0.114822871307736	0.10323634499564	0.0949836945677626	0.0886965015160022	0.0980271236665655	0.0966539949618709	0.102490539426697	

