precision:	0	0	0	0	0	0.0166666666666667	0.0428571428571429	0.05	0.0555555555555556	0.05	

MAP:	0.0574501156330464

NDCG:	0	0	0	0	0	0.0123558443556026	0.0289056608471885	0.0361583362716544	0.0471707229731878	0.046346769958979	

