precision:	0.1	0.15	0.166666666666667	0.125	0.12	0.1	0.1	0.1	0.1	0.09	

MAP:	0.129647189233872

NDCG:	0.1	0.15	0.173981246656813	0.160251799375674	0.163608301134775	0.157386189191635	0.160920848311639	0.170272946433569	0.175533920939919	0.173235669344813	

