precision:	0.3	0.25	0.2	0.15	0.12	0.1	0.0857142857142857	0.075	0.0666666666666667	0.06	

MAP:	0.0715273477576556

NDCG:	0.3	0.25	0.21402813001478	0.17984848580995	0.158100847226176	0.142610815612789	0.132905632489508	0.126843486503815	0.123230881339151	0.120188041976158	

