precision:	0.3	0.25	0.166666666666667	0.15	0.12	0.116666666666667	0.1	0.0875	0.0888888888888889	0.08	

MAP:	0.0772292068218002

NDCG:	0.3	0.25	0.190046883357967	0.181736651129503	0.164356861661358	0.164333730375145	0.154902940797504	0.149059393169227	0.152243011982552	0.148195037020082	

