precision:	0	0.05	0.0333333333333333	0.05	0.04	0.0333333333333333	0.0428571428571429	0.0375	0.0444444444444444	0.05	

MAP:	0.0426081170534165

NDCG:	0	0.05	0.0380093766715934	0.0479090914859699	0.0421158283299217	0.0407403865919421	0.0479674293291083	0.0465379186212401	0.0524173707449183	0.0600926239110031	

