precision:	0	0	0	0.025	0.02	0.0166666666666667	0.0428571428571429	0.0625	0.0555555555555556	0.05	

MAP:	0.0563342774745697

NDCG:	0	0	0	0.01596969716199	0.0140386094433072	0.0126631677053277	0.0309393831125377	0.0452752061730458	0.0443283782913777	0.0435308803592761	

