precision:	0	0.05	0.0666666666666667	0.05	0.06	0.05	0.0428571428571429	0.0375	0.0333333333333333	0.05	

MAP:	0.0465992433857794

NDCG:	0	0.05	0.0619906233284066	0.0520909085140301	0.0578841716700783	0.0566994306429913	0.0557968484218329	0.0550777972848374	0.0544864229405077	0.065446318012899	

