precision:	0.1	0.1	0.1	0.075	0.06	0.05	0.0428571428571429	0.0375	0.0333333333333333	0.04	

MAP:	0.0516380445032788

NDCG:	0.1	0.1	0.111990623328407	0.10209090851403	0.095791971679718	0.0930410882037588	0.0909453571865053	0.0892757721498548	0.0879026434451601	0.0924750792669361	

