precision:	0	0	0.0333333333333333	0.025	0.06	0.05	0.0428571428571429	0.05	0.0444444444444444	0.04	

MAP:	0.0761111338603311

NDCG:	0	0	0.0239812466568131	0.0239812466568131	0.0481656466375339	0.0469809056104468	0.0460783233892885	0.0580290644761574	0.0574376901318278	0.0569395850106837	

