precision:	0.1	0.05	0.1	0.1	0.08	0.0666666666666667	0.0571428571428571	0.05	0.0555555555555556	0.06	

MAP:	0.0501572032176502

NDCG:	0.1	0.05	0.0859718699852197	0.0912471110398771	0.0825114128086182	0.0780249150990684	0.0759291840818149	0.0742595990451643	0.0796882146552219	0.0855247591200477	

