precision:	0.2	0.1	0.1	0.1	0.08	0.0833333333333333	0.0857142857142857	0.075	0.0777777777777778	0.07	

MAP:	0.142697851003757

NDCG:	0.2	0.15	0.161990623328407	0.16806060567602	0.159830581123025	0.163766205626071	0.176299969974091	0.172931110403355	0.185933679088567	0.183599983864037	

