precision:	0	0.05	0.0666666666666667	0.05	0.06	0.05	0.0571428571428571	0.075	0.0777777777777778	0.08	

MAP:	0.0951538095026642

NDCG:	0	0.05	0.0619906233284066	0.0520909085140301	0.0578841716700783	0.0522129329334415	0.083513079351564	0.104481253766645	0.10801897339946	0.112262846523627	

