precision:	0	0.05	0.0666666666666667	0.075	0.1	0.1	0.0857142857142857	0.0875	0.0777777777777778	0.07	

MAP:	0.100794528902657

NDCG:	0	0.05	0.0619906233284066	0.0680606056760201	0.114990436920725	0.117741320396684	0.111562143168145	0.123306106608754	0.119257492758002	0.115847410274833	

