precision:	0.2	0.15	0.133333333333333	0.1	0.1	0.1	0.114285714285714	0.1	0.111111111111111	0.1	

MAP:	0.13409174362458

NDCG:	0.2	0.15	0.138009376671593	0.11596969716199	0.114038609443307	0.115414051181287	0.152082635400716	0.146325139656334	0.164691645045143	0.160703280424478	

