precision:	0	0.05	0.0333333333333333	0.025	0.04	0.05	0.0571428571428571	0.0625	0.0666666666666667	0.06	

MAP:	0.0444176001623016

NDCG:	0	0.05	0.0380093766715934	0.0319393943239799	0.0401694188769748	0.0472160993515913	0.0525845371528977	0.0574560749101525	0.0624224776957433	0.0604329718592267	

