precision:	0	0	0	0	0.04	0.0333333333333333	0.0285714285714286	0.025	0.0222222222222222	0.02	

MAP:	0.0232849159287045

NDCG:	0	0	0	0	0.0241843999807207	0.0229996589536337	0.0220970767324753	0.0213780255954798	0.0207866512511501	0.0202885461300061	

