precision:	0	0	0	0	0.02	0.0333333333333333	0.0285714285714286	0.025	0.0222222222222222	0.02	

MAP:	0.0410339980965198

NDCG:	0	0	0	0	0.016369747519437	0.0357123878811641	0.0357123878811641	0.0357123878811641	0.0357123878811641	0.0357123878811641	

