precision:	0	0.05	0.0666666666666667	0.075	0.08	0.0666666666666667	0.0571428571428571	0.05	0.0444444444444444	0.04	

MAP:	0.0377195625772335

NDCG:	0	0.05	0.0619906233284066	0.0680606056760201	0.0719227811133856	0.0648761006387691	0.0595076628374627	0.0586728703191374	0.0579863059667901	0.0574080238292942	

