precision:	0.1	0.05	0.0333333333333333	0.025	0.04	0.0333333333333333	0.0428571428571429	0.05	0.0444444444444444	0.04	

MAP:	0.0441069261557821

NDCG:	0.1	0.05	0.0380093766715934	0.0319393943239799	0.0401694188769748	0.0362337943739286	0.0415103893813097	0.0473836265070217	0.0458454242810239	0.0445498212277782	

