precision:	0	0.05	0.0666666666666667	0.075	0.08	0.0833333333333333	0.0714285714285714	0.0625	0.0777777777777778	0.07	

MAP:	0.0565028250811408

NDCG:	0	0.05	0.0619906233284066	0.0680606056760201	0.0755172172561085	0.0833865639021612	0.0799685738306399	0.0772455979182488	0.0877432623325089	0.0851272764314971	

