precision:	0.1	0.05	0.0333333333333333	0.05	0.06	0.05	0.0571428571428571	0.05	0.0444444444444444	0.04	

MAP:	0.0429517264138039

NDCG:	0.1	0.05	0.0380093766715934	0.0479090914859699	0.054208028320282	0.0488969620792563	0.0531256915780106	0.0493075446964963	0.0461673589816881	0.0435224309409521	

