precision:	0.1	0.15	0.1	0.075	0.08	0.0833333333333333	0.0714285714285714	0.0625	0.0555555555555556	0.05	

MAP:	0.0878033504932795

NDCG:	0.1	0.15	0.126018753343187	0.11387878864796	0.119909986187629	0.124205783186287	0.119203581724547	0.115218527992901	0.111941071889406	0.109180523202895	

