precision:	0.5	0.3	0.2	0.2	0.16	0.133333333333333	0.128571428571429	0.1125	0.111111111111111	0.11	

MAP:	0.109586261893806

NDCG:	0.5	0.3	0.228056260029561	0.223575760267859	0.200402707643667	0.183897406787912	0.179597928930184	0.168985700520737	0.166626380416248	0.165795727224448	

