precision:	0.2	0.15	0.166666666666667	0.15	0.14	0.15	0.128571428571429	0.1125	0.1	0.1	

MAP:	0.0756945209445244

NDCG:	0.2	0.15	0.161990623328407	0.15209090851403	0.145791971679718	0.151103037920744	0.138599400176196	0.128638252342753	0.120445834633231	0.119274492747308	

