precision:	0.2	0.15	0.1	0.1	0.12	0.1	0.0857142857142857	0.0875	0.0777777777777778	0.08	

MAP:	0.0598653016076424

NDCG:	0.2	0.15	0.11402813001478	0.11178788013393	0.126316841521237	0.117070150777165	0.110025658791714	0.111600600378347	0.10652732035972	0.108481283222867	

