precision:	0.2	0.15	0.1	0.075	0.06	0.0666666666666667	0.0714285714285714	0.0625	0.0555555555555556	0.06	

MAP:	0.0870100945746692

NDCG:	0.2	0.15	0.11402813001478	0.0958181829719397	0.0880938320972088	0.0923896290958661	0.095662335879919	0.0910825639587299	0.0873159895417986	0.0898724644449508	

