precision:	0	0.05	0.0333333333333333	0.025	0.04	0.0333333333333333	0.0571428571428571	0.075	0.0777777777777778	0.08	

MAP:	0.0574858406590611

NDCG:	0	0.05	0.0380093766715934	0.0319393943239799	0.0401694188769748	0.0362337943739286	0.0528874311913885	0.0677375480551099	0.0749019742194426	0.0781788069879728	

