precision:	0.3	0.15	0.133333333333333	0.125	0.1	0.1	0.0857142857142857	0.0875	0.0888888888888889	0.08	

MAP:	0.0863768087282241

NDCG:	0.3	0.15	0.138009376671593	0.13193939432398	0.11984719433362	0.121031935360707	0.113659609336072	0.114973378662611	0.116053871320377	0.111234952851858	

