precision:	0.4	0.25	0.166666666666667	0.175	0.14	0.116666666666667	0.1	0.1	0.1	0.1	

MAP:	0.0975151395414756

NDCG:	0.4	0.25	0.190046883357967	0.191636365943879	0.172325488757052	0.158571071377256	0.148092416290989	0.146931497559987	0.145976714905397	0.145172516795704	

