precision:	0	0.05	0.0333333333333333	0.05	0.04	0.05	0.0571428571428571	0.0625	0.0555555555555556	0.07	

MAP:	0.051257353780481

NDCG:	0	0.05	0.0380093766715934	0.0479090914859699	0.0440469160486044	0.0510935965232208	0.0564620343245273	0.0641983122146487	0.061804866502412	0.0712469057773235	

