precision:	0.2	0.1	0.0666666666666667	0.05	0.04	0.0833333333333333	0.0714285714285714	0.0625	0.0555555555555556	0.05	

MAP:	0.0763342654601676

NDCG:	0.2	0.1	0.0760187533431869	0.0638787886479598	0.0600166132105944	0.086658421586362	0.0821304722874094	0.0785232362757237	0.0755565114887127	0.0730576868041379	

