precision:	0.3	0.15	0.133333333333333	0.125	0.1	0.0833333333333333	0.0714285714285714	0.075	0.0777777777777778	0.07	

MAP:	0.081983925011978

NDCG:	0.3	0.15	0.138009376671593	0.13193939432398	0.11984719433362	0.111234371410131	0.104672784812729	0.106632437797613	0.108244129149485	0.103872630817493	

