precision:	0.7	0.45	0.3	0.25	0.22	0.183333333333333	0.157142857142857	0.1375	0.133333333333333	0.13	

MAP:	0.168449549257204

NDCG:	0.7	0.45	0.354075013372747	0.321484851753829	0.304610735963949	0.282794368867168	0.266173804016609	0.252932865104734	0.248411595912309	0.245759967693982	

