precision:	0.3	0.15	0.133333333333333	0.1	0.12	0.116666666666667	0.114285714285714	0.1125	0.1	0.1	

MAP:	0.0743279522307725

NDCG:	0.3	0.15	0.138009376671593	0.11596969716199	0.126130809433668	0.123570626668601	0.121620178938816	0.120066335283495	0.112419826149703	0.111708294297568	

