precision:	0.1	0.05	0.0333333333333333	0.025	0.02	0.0166666666666667	0.0571428571428571	0.075	0.0777777777777778	0.07	

MAP:	0.0526237539935927

NDCG:	0.1	0.05	0.0380093766715934	0.0319393943239799	0.0280772188866144	0.0253263354106553	0.0511574626950665	0.0626724541838309	0.0657742401529148	0.0630698011143192	

