precision:	0.5	0.3	0.2	0.175	0.16	0.133333333333333	0.114285714285714	0.1125	0.111111111111111	0.11	

MAP:	0.109979132463572

NDCG:	0.5	0.3	0.228056260029561	0.207606063105869	0.19845629819072	0.182141698045857	0.169712595229805	0.166997832843482	0.164765111492215	0.162884526123882	

