precision:	0.2	0.1	0.1	0.1	0.08	0.0666666666666667	0.0714285714285714	0.0625	0.0666666666666667	0.09	

MAP:	0.0834258860184393

NDCG:	0.2	0.1	0.1	0.1	0.0917699754470051	0.0859080359994757	0.0928192222294065	0.0892614537986901	0.092703983423488	0.11638407076822	

