precision:	0.2	0.1	0.133333333333333	0.125	0.1	0.1	0.0857142857142857	0.075	0.0666666666666667	0.06	

MAP:	0.148315842759652

NDCG:	0.2	0.15	0.18597186998522	0.18821211986607	0.177545333916129	0.182303624590611	0.176515509956195	0.171904350649738	0.168111962082147	0.166074258318631	

