precision:	0	0	0.0333333333333333	0.025	0.02	0.0333333333333333	0.0285714285714286	0.0375	0.0333333333333333	0.04	

MAP:	0.049921150370018

NDCG:	0	0	0.0239812466568131	0.0201515141900502	0.0177147527931035	0.0257767025100884	0.0236437040285876	0.0291314359467524	0.0272761799291405	0.0314425276513732	

