precision:	0.5	0.25	0.2	0.15	0.14	0.133333333333333	0.114285714285714	0.1125	0.111111111111111	0.1	

MAP:	0.107806987099642

NDCG:	0.5	0.25	0.21402813001478	0.17984848580995	0.174055222653902	0.169928897439963	0.15851039266829	0.156600733302857	0.155030158559251	0.149134852832092	

