precision:	0.1	0.1	0.0666666666666667	0.075	0.06	0.0666666666666667	0.0857142857142857	0.0875	0.0777777777777778	0.07	

MAP:	0.0729889175184306

NDCG:	0.1	0.1	0.0760187533431869	0.0798484858099498	0.0701930472165361	0.0731134024772138	0.083613151998433	0.0847908758216261	0.0793909091706793	0.0752281253324635	

