precision:	0.2	0.2	0.133333333333333	0.125	0.1	0.0833333333333333	0.0857142857142857	0.075	0.0666666666666667	0.07	

MAP:	0.127160475915648

NDCG:	0.2	0.25	0.21402813001478	0.217857862481543	0.20820242388813	0.201325215198232	0.204360795900891	0.199592115119722	0.195670175044548	0.200818872929659	

