precision:	0	0	0	0	0.02	0.05	0.0428571428571429	0.0625	0.0666666666666667	0.08	

MAP:	0.0856940833008641

NDCG:	0	0	0	0	0.0120921999903604	0.0593903036373031	0.0576769819889117	0.0712425884436221	0.0854355496762419	0.096826611830158	

