precision:	0	0.05	0.0666666666666667	0.1	0.08	0.0833333333333333	0.0714285714285714	0.0625	0.0666666666666667	0.06	

MAP:	0.0676624957608594

NDCG:	0	0.05	0.0619906233284066	0.12709090851403	0.120791971679718	0.126103037920744	0.121874308421989	0.120204723385339	0.127688971077196	0.126532406802204	

