precision:	0.2	0.1	0.0666666666666667	0.075	0.06	0.05	0.0428571428571429	0.0625	0.0555555555555556	0.05	

MAP:	0.141130828637209

NDCG:	0.2	0.15	0.138009376671593	0.15693939432398	0.153077218886614	0.150326335410655	0.148230604393402	0.163107098771206	0.16127626049828	0.159734174798291	

