precision:	0.1	0.1	0.1	0.1	0.08	0.0666666666666667	0.0571428571428571	0.05	0.0555555555555556	0.05	

MAP:	0.138681237023575

NDCG:	0.1	0.15	0.161990623328407	0.17709090851403	0.170791971679718	0.166305473970168	0.162887483898647	0.161217898861996	0.166213340594416	0.16469192091292	

