precision:	0.2	0.15	0.133333333333333	0.125	0.12	0.1	0.0857142857142857	0.0875	0.0777777777777778	0.07	

MAP:	0.12258307855292

NDCG:	0.2	0.2	0.2	0.206069982347614	0.209932157784979	0.202885477310363	0.197517039509056	0.20126201891192	0.197973458539389	0.195203556905246	

