precision:	0.2	0.2	0.133333333333333	0.125	0.1	0.0833333333333333	0.0857142857142857	0.0875	0.0777777777777778	0.07	

MAP:	0.134821829720202

NDCG:	0.2	0.25	0.21402813001478	0.217857862481543	0.20820242388813	0.201325215198232	0.204360795900891	0.207335649917522	0.203413709842349	0.200110322647765	

