precision:	0	0.05	0.133333333333333	0.1	0.08	0.0833333333333333	0.0714285714285714	0.0625	0.0555555555555556	0.05	

MAP:	0.110543954053346

NDCG:	0	0.05	0.168620709692532	0.164790977225769	0.162354215828822	0.170416165545807	0.168283167064306	0.166583892530221	0.16518634608084	0.164009215131302	

