precision:	0	0	0	0	0	0	0	0	0.0111111111111111	0.01	

MAP:	0.0448778945187196

NDCG:	0	0	0	0	0	0	0	0	0.00885737639655176	0.00885737639655176	

