precision:	0.1	0.05	0.0333333333333333	0.025	0.02	0.0166666666666667	0.0142857142857143	0.025	0.0222222222222222	0.02	

MAP:	0.0883088975210705

NDCG:	0.1	0.05	0.05	0.05	0.05	0.05	0.05	0.0571870064522504	0.0567292968840189	0.0563437754590216	

