precision:	0	0	0	0	0.04	0.05	0.0428571428571429	0.05	0.0444444444444444	0.06	

MAP:	0.0844891781044335

NDCG:	0	0	0	0	0.0551598557976997	0.0637726787211882	0.0620593570727968	0.0678814287297067	0.06630114612304	0.0776922082769561	

