precision:	0	0.05	0.0333333333333333	0.05	0.06	0.05	0.0428571428571429	0.0375	0.0333333333333333	0.03	

MAP:	0.0304553215783422

NDCG:	0	0.05	0.0380093766715934	0.0479090914859699	0.054208028320282	0.0502724038172359	0.047274090578824	0.0456045055421734	0.0442313768374788	0.0430748125624871	

