precision:	0	0	0.0333333333333333	0.05	0.04	0.05	0.0571428571428571	0.0625	0.0555555555555556	0.06	

MAP:	0.0548606067312417

NDCG:	0	0	0.0239812466568131	0.0361212113520402	0.0317533622364107	0.0384398702154161	0.0435339144710814	0.0481486640269282	0.045575434911764	0.0504011540574434	

