precision:	0.1	0.1	0.1	0.075	0.06	0.0666666666666667	0.0857142857142857	0.0875	0.0777777777777778	0.07	

MAP:	0.0849545394407349

NDCG:	0.1	0.1	0.1	0.0840303028380101	0.0738691905663324	0.076429373331399	0.0866547293069771	0.0976882331767141	0.0930553110045079	0.0891530749978824	

