precision:	0	0	0.0333333333333333	0.025	0.02	0.0166666666666667	0.0142857142857143	0.0125	0.0111111111111111	0.01	

MAP:	0.044181292470377

NDCG:	0	0	0.0315464876785729	0.0315464876785729	0.0315464876785729	0.0315464876785729	0.0315464876785729	0.0315464876785729	0.0315464876785729	0.0315464876785729	

