precision:	0	0.05	0.0333333333333333	0.025	0.06	0.05	0.0428571428571429	0.0375	0.0333333333333333	0.03	

MAP:	0.0296540439574552

NDCG:	0	0.05	0.0380093766715934	0.0319393943239799	0.0522616188673352	0.048325994364289	0.0453276811258771	0.0436580960892266	0.0422849673845319	0.0411284031095402	

