precision:	0	0	0.0333333333333333	0.025	0.02	0.0166666666666667	0.0142857142857143	0.0375	0.0444444444444444	0.04	

MAP:	0.0738668905409069

NDCG:	0	0	0.0315464876785729	0.0315464876785729	0.0315464876785729	0.0315464876785729	0.0315464876785729	0.0459205005830737	0.0513736518837254	0.0502377536272259	

