precision:	0.2	0.2	0.166666666666667	0.15	0.14	0.116666666666667	0.1	0.1	0.0888888888888889	0.08	

MAP:	0.137195667655923

NDCG:	0.2	0.25	0.238009376671593	0.238009376671593	0.238009376671593	0.228211812721018	0.220747643902458	0.221988245750346	0.216639992320773	0.212135244274143	

