precision:	0.1	0.15	0.133333333333333	0.125	0.12	0.133333333333333	0.128571428571429	0.1125	0.1	0.09	

MAP:	0.146204762687584

NDCG:	0.1	0.2	0.2	0.2	0.209441627913309	0.220423932890972	0.230051226794505	0.224366898528774	0.219691895975899	0.21575421633985	

