precision:	0	0.05	0.0333333333333333	0.025	0.02	0.0333333333333333	0.0571428571428571	0.05	0.0555555555555556	0.05	

MAP:	0.112301340619737

NDCG:	0	0.1	0.1	0.1	0.1	0.109797563950576	0.127263039930553	0.126022438082665	0.131370691512237	0.1301464394621	

