precision:	0.2	0.1	0.1	0.075	0.1	0.0833333333333333	0.0714285714285714	0.075	0.0777777777777778	0.08	

MAP:	0.169817146524038

NDCG:	0.2	0.15	0.161990623328407	0.15209090851403	0.179417999573748	0.175482375070702	0.17248406183229	0.179508545493095	0.186245610901388	0.192740614520061	

