precision:	0.1	0.15	0.133333333333333	0.125	0.1	0.0833333333333333	0.0857142857142857	0.0875	0.0888888888888889	0.08	

MAP:	0.131708142391508

NDCG:	0.1	0.2	0.2	0.2	0.18790780000964	0.179294977086151	0.181008298734542	0.184042818566534	0.186538520309663	0.182911609745559	

