precision:	0	0.05	0.0333333333333333	0.05	0.08	0.0833333333333333	0.0714285714285714	0.0625	0.0666666666666667	0.07	

MAP:	0.0804892269326666

NDCG:	0	0.05	0.0380093766715934	0.0479090914859699	0.0972756841276214	0.101762181837171	0.0969052636628995	0.0936818349709282	0.106804011408843	0.110300059971979	

