precision:	0	0	0	0.025	0.02	0.0333333333333333	0.0285714285714286	0.025	0.0222222222222222	0.02	

MAP:	0.0307404094223088

NDCG:	0	0	0	0.01596969716199	0.0140386094433072	0.0235249186509531	0.0224770531423264	0.0216422606240011	0.0209556962716538	0.020377414134158	

