precision:	0	0	0	0	0	0.0166666666666667	0.0142857142857143	0.0125	0.0222222222222222	0.02	

MAP:	0.0249997055634737

NDCG:	0	0	0	0	0	0.00979756395057558	0.00898682452334257	0.00834094086499751	0.0235829860101785	0.0231355658736508	

