precision:	0.1	0.1	0.133333333333333	0.1	0.08	0.0833333333333333	0.0714285714285714	0.0625	0.0555555555555556	0.05	

MAP:	0.15162329825351

NDCG:	0.1	0.1	0.187074222013959	0.183244489547196	0.180807728150249	0.188869677867234	0.186736679385733	0.185037404851648	0.183639858402267	0.18246272745273	

