precision:	0.2	0.15	0.1	0.1	0.08	0.0666666666666667	0.0571428571428571	0.05	0.0555555555555556	0.05	

MAP:	0.137381577647097

NDCG:	0.2	0.2	0.176018753343187	0.17984848580995	0.170193047216536	0.163315838526638	0.158076510983505	0.153902548391878	0.159327103026693	0.156435692339214	

