precision:	0	0	0.0666666666666667	0.05	0.06	0.05	0.0571428571428571	0.05	0.0555555555555556	0.05	

MAP:	0.0545835996756558

NDCG:	0	0	0.0479624933136263	0.0403030283801005	0.0475217055765674	0.042865736082299	0.0475935439983979	0.0452263837961189	0.0496481138201926	0.047643465972429	

