precision:	0.1	0.15	0.133333333333333	0.125	0.1	0.0833333333333333	0.0857142857142857	0.0875	0.1	0.09	

MAP:	0.12250830329275

NDCG:	0.1	0.2	0.2	0.2	0.18790780000964	0.179294977086151	0.181008298734542	0.184042818566534	0.193866960062286	0.190240049498182	

