precision:	0	0	0	0	0	0.0333333333333333	0.0285714285714286	0.025	0.0222222222222222	0.02	

MAP:	0.0306693171186301

NDCG:	0	0	0	0	0	0.0291402043123027	0.0283294648850696	0.0276835812267246	0.0271523825326191	0.0267049623960914	

