precision:	0	0	0.0666666666666667	0.075	0.08	0.0833333333333333	0.0714285714285714	0.0625	0.0555555555555556	0.05	

MAP:	0.0852665606556235

NDCG:	0	0	0.0870742220139589	0.108244489547196	0.127341556053919	0.135403505770904	0.133270507289403	0.131571232755317	0.130173686305937	0.128996555356399	

