precision:	0.2	0.1	0.1	0.1	0.08	0.0666666666666667	0.0571428571428571	0.075	0.0666666666666667	0.06	

MAP:	0.145809191210308

NDCG:	0.2	0.15	0.161990623328407	0.17709090851403	0.170791971679718	0.166305473970168	0.162887483898647	0.177763978276452	0.175933140003525	0.174391054303536	

