precision:	0.2	0.2	0.166666666666667	0.125	0.12	0.1	0.1	0.0875	0.0777777777777778	0.07	

MAP:	0.246227180156728

NDCG:	0.2	0.25	0.261990623328407	0.25209090851403	0.257884171670078	0.253397673960528	0.2582545921348	0.256606483069517	0.255251017000805	0.254109329680691	

