precision:	0.1	0.05	0.0666666666666667	0.1	0.08	0.0666666666666667	0.0714285714285714	0.075	0.0777777777777778	0.07	

MAP:	0.0682080504671753

NDCG:	0.1	0.05	0.0619906233284066	0.08403030283801	0.0738691905663324	0.0666318093808234	0.0693929965378416	0.0724275163698327	0.0749232181129625	0.0712963075488583	

