precision:	0	0.05	0.0666666666666667	0.05	0.04	0.0333333333333333	0.0285714285714286	0.0375	0.0444444444444444	0.05	

MAP:	0.0564797296848261

NDCG:	0	0.05	0.0619906233284066	0.0520909085140302	0.045791971679718	0.0430410882037588	0.0409453571865053	0.0486888919843059	0.0560173317369285	0.0630104404767459	

