precision:	0	0.05	0.0333333333333333	0.025	0.02	0.0333333333333333	0.0285714285714286	0.0375	0.0444444444444444	0.04	

MAP:	0.0846052418270464

NDCG:	0	0.1	0.1	0.1	0.1	0.109797563950576	0.108986824523343	0.115527947317248	0.130312282894197	0.129479341332672	

