precision:	0.1	0.1	0.1	0.1	0.1	0.0833333333333333	0.0714285714285714	0.0625	0.0666666666666667	0.06	

MAP:	0.101086088971201

NDCG:	0.1	0.1	0.1	0.1	0.1	0.0902024360494244	0.0827382672308645	0.0767918626265021	0.0792297585177834	0.0751105318961501	

