precision:	0.1	0.1	0.0666666666666667	0.075	0.06	0.05	0.0571428571428571	0.05	0.0555555555555556	0.06	

MAP:	0.0949591894487432

NDCG:	0.1	0.1	0.0760187533431869	0.0798484858099498	0.0701930472165361	0.0633158385266383	0.0663514192292975	0.0615827384481281	0.0649892381255774	0.0767373507141929	

