precision:	0.1	0.1	0.1	0.1	0.08	0.0666666666666667	0.0571428571428571	0.0625	0.0666666666666667	0.07	

MAP:	0.157801345004349

NDCG:	0.1	0.15	0.161990623328407	0.16806060567602	0.159830581123025	0.155704255909086	0.152560659383206	0.159469401662682	0.166111277062957	0.172526103665278	

