precision:	0	0	0.0333333333333333	0.075	0.06	0.05	0.0428571428571429	0.0375	0.0333333333333333	0.03	

MAP:	0.0370697296080301

NDCG:	0	0	0.0239812466568131	0.0520909085140301	0.045791971679718	0.0426809157081477	0.0403107911452532	0.0394759986269279	0.0387894342745806	0.0382111521370847	

