precision:	0.1	0.05	0.0666666666666667	0.075	0.08	0.0666666666666667	0.0571428571428571	0.0625	0.0555555555555556	0.05	

MAP:	0.0373675549848077

NDCG:	0.1	0.05	0.0619906233284066	0.0680606056760201	0.0719227811133856	0.0648761006387691	0.0595076628374627	0.0632526422403265	0.0599640818677957	0.0571941802336527	

