precision:	0	0	0	0	0	0	0.0142857142857143	0.0125	0.0111111111111111	0.01	

MAP:	0.0266199748094137

NDCG:	0	0	0	0	0	0	0.0178103593554011	0.0178103593554011	0.0178103593554011	0.0178103593554011	

