precision:	0.1	0.05	0.0666666666666667	0.05	0.04	0.05	0.0428571428571429	0.0375	0.0333333333333333	0.04	

MAP:	0.0852596540916439

NDCG:	0.1	0.05	0.0739812466568131	0.0701515141900503	0.0677147527931035	0.0757767025100884	0.0736437040285876	0.071944429494502	0.0705468830451217	0.0750987521923516	

