precision:	0	0	0	0.05	0.04	0.05	0.0428571428571429	0.0375	0.0333333333333333	0.04	

MAP:	0.0467296485804777

NDCG:	0	0	0	0.0409696971619899	0.0390386094433072	0.0488361733938828	0.0480254339666498	0.0473795503083047	0.0468483516141993	0.053394040217489	

