precision:	0.1	0.1	0.0666666666666667	0.1	0.08	0.0833333333333333	0.0714285714285714	0.0625	0.0555555555555556	0.05	

MAP:	0.0717165816188268

NDCG:	0.1	0.1	0.0760187533431869	0.0958181829719397	0.0842316566598433	0.0871520119205211	0.0811019449501543	0.0802671524318291	0.0795805880794817	0.0790023059419859	

