precision:	0.1	0.1	0.1	0.075	0.08	0.0666666666666667	0.0571428571428571	0.0625	0.0666666666666667	0.07	

MAP:	0.151177063003969

NDCG:	0.1	0.15	0.161990623328407	0.15209090851403	0.167325799583388	0.164574916107428	0.162479185090175	0.170222719887976	0.177551159640598	0.184544268380416	

