precision:	0	0	0.0666666666666667	0.05	0.04	0.0333333333333333	0.0428571428571429	0.0375	0.0555555555555556	0.06	

MAP:	0.0404932558937757

NDCG:	0	0	0.0479624933136263	0.0403030283801005	0.035429505586207	0.0319582771190257	0.037588667256283	0.0359405581909995	0.0473222329965176	0.0524439436032105	

