precision:	0	0	0	0	0	0	0.0142857142857143	0.0125	0.0222222222222222	0.02	

MAP:	0.0218879638225651

NDCG:	0	0	0	0	0	0	0.0135392131479176	0.0135392131479176	0.0199077835850324	0.0195429281785274	

