precision:	0.1	0.05	0.0333333333333333	0.1	0.08	0.0666666666666667	0.0571428571428571	0.05	0.0444444444444444	0.04	

MAP:	0.0547966883253494

NDCG:	0.1	0.05	0.0380093766715934	0.0798484858099498	0.0701930472165361	0.0646912802646178	0.0604998182301109	0.0596650257117856	0.0589784613594383	0.0584001792219424	

