precision:	0	0	0	0.025	0.06	0.05	0.0571428571428571	0.05	0.0555555555555556	0.07	

MAP:	0.0892707429593231

NDCG:	0	0	0	0.01596969716199	0.0691984652410069	0.0666382824759403	0.0729627429919481	0.0708141811470843	0.0848203679762572	0.096054113047098	

