precision:	0.1	0.05	0.0333333333333333	0.05	0.06	0.05	0.0571428571428571	0.05	0.0444444444444444	0.04	

MAP:	0.0903664182093394

NDCG:	0.1	0.05	0.0380093766715934	0.0539790738335834	0.064140186105261	0.0615800033401944	0.0679044638562022	0.0657559020113385	0.0639888450012249	0.0625004812354806	

