precision:	0.1	0.05	0.0333333333333333	0.025	0.06	0.05	0.0428571428571429	0.0375	0.0444444444444444	0.05	

MAP:	0.0939481766541743

NDCG:	0.1	0.05	0.0380093766715934	0.0380093766715934	0.0621937766523142	0.0610090356252271	0.0601064534040687	0.0593874022670732	0.0651645983598584	0.0700306379289769	

