precision:	0.1	0.05	0.1	0.1	0.08	0.0666666666666667	0.0714285714285714	0.075	0.0777777777777778	0.08	

MAP:	0.0677497646363424

NDCG:	0.1	0.05	0.0859718699852197	0.0882121198660703	0.0775453339161287	0.0699477802350086	0.0724345738463857	0.0754690936783768	0.0779647954215066	0.0813309935972198	

