precision:	0	0	0.0333333333333333	0.05	0.04	0.05	0.0428571428571429	0.0375	0.0333333333333333	0.03	

MAP:	0.0283909844686292

NDCG:	0	0	0.0239812466568131	0.0361212113520402	0.0317533622364107	0.0384398702154161	0.0352590062252885	0.0333708228312227	0.0318179107236005	0.0305099177730946	

