precision:	0.1	0.1	0.1	0.075	0.08	0.0666666666666667	0.0714285714285714	0.0625	0.0555555555555556	0.05	

MAP:	0.0960814806101711

NDCG:	0.1	0.1	0.1	0.0840303028380101	0.0859613905566928	0.0775392683440968	0.0793978732799565	0.0736915430043764	0.068998445181946	0.0650455241907041	

