precision:	0	0.1	0.1	0.075	0.06	0.0833333333333333	0.0857142857142857	0.0875	0.0777777777777778	0.07	

MAP:	0.0997525007026085

NDCG:	0	0.15	0.161990623328407	0.15209090851403	0.145791971679718	0.160900601871319	0.164136041191125	0.167359469883096	0.163641966847353	0.160510773690722	

