precision:	0.1	0.1	0.166666666666667	0.125	0.12	0.133333333333333	0.128571428571429	0.125	0.111111111111111	0.11	

MAP:	0.128846937287504

NDCG:	0.1	0.1	0.194639463035719	0.178669765873729	0.190042481505721	0.203464415216413	0.205414862946198	0.207525234947069	0.202892312774863	0.205983185508055	

