precision:	0.1	0.1	0.0666666666666667	0.05	0.04	0.0333333333333333	0.0428571428571429	0.05	0.0555555555555556	0.05	

MAP:	0.116643007393827

NDCG:	0.1	0.15	0.138009376671593	0.13193939432398	0.128077218886614	0.128077218886614	0.141616432034532	0.148803438486782	0.154714299355666	0.153963922524163	

