precision:	0.2	0.15	0.133333333333333	0.125	0.1	0.0833333333333333	0.0857142857142857	0.075	0.0777777777777778	0.08	

MAP:	0.122664936780275

NDCG:	0.2	0.2	0.2	0.20903030283801	0.198869190566332	0.191631809380823	0.194392996537842	0.19167002062545	0.196758983918103	0.203324793909796	

