precision:	0.1	0.05	0.0333333333333333	0.025	0.02	0.0166666666666667	0.0285714285714286	0.0375	0.0333333333333333	0.04	

MAP:	0.0612540001314463

NDCG:	0.1	0.05	0.0380093766715934	0.0319393943239799	0.0280772188866144	0.0253263354106553	0.0315055126391947	0.0364282158652517	0.0341082592788889	0.0378831971685632	

