precision:	0	0	0	0.05	0.04	0.0333333333333333	0.0285714285714286	0.025	0.0222222222222222	0.02	

MAP:	0.0509960257524698

NDCG:	0	0	0	0.0409696971619899	0.0390386094433072	0.0376631677053277	0.0366153021967009	0.0357805096783756	0.0350939453260283	0.0345156631885325	

