precision:	0.1	0.1	0.1	0.1	0.08	0.1	0.0857142857142857	0.075	0.0666666666666667	0.06	

MAP:	0.0830774961738631

NDCG:	0.1	0.1	0.111990623328407	0.124130588023634	0.119762738908004	0.136246810837585	0.132255207420225	0.129910049227794	0.127981304084308	0.126356752998243	

