precision:	0.1	0.1	0.1	0.1	0.08	0.0666666666666667	0.0857142857142857	0.0875	0.0888888888888889	0.08	

MAP:	0.0847672651899741

NDCG:	0.1	0.1	0.1	0.1	0.0879078000096396	0.0792949770861511	0.0892832069803354	0.100127801990092	0.102667953912267	0.098634855904673	

