precision:	0.2	0.2	0.133333333333333	0.15	0.12	0.1	0.1	0.0875	0.0777777777777778	0.08	

MAP:	0.130714478743898

NDCG:	0.2	0.25	0.21402813001478	0.233827559643533	0.222241033331437	0.213988382903559	0.215976098097592	0.211207417316423	0.207285477241249	0.21243417512636	

