precision:	0	0	0	0	0	0.0333333333333333	0.0428571428571429	0.0375	0.0444444444444444	0.04	

MAP:	0.0650193371209168

NDCG:	0	0	0	0	0	0.0206593148962011	0.028123483714761	0.026882881866873	0.0322311352964458	0.0310068832463086	

