precision:	0	0	0	0.025	0.02	0.0333333333333333	0.0428571428571429	0.05	0.0444444444444444	0.05	

MAP:	0.0418549362286426

NDCG:	0	0	0	0.01596969716199	0.0140386094433072	0.0235249186509531	0.0307519613881193	0.0365094571325015	0.0348760648984861	0.0392292849256563	

