precision:	0	0	0.0333333333333333	0.05	0.04	0.0666666666666667	0.0571428571428571	0.05	0.0444444444444444	0.04	

MAP:	0.0477237179097309

NDCG:	0	0	0.0239812466568131	0.0361212113520402	0.0317533622364107	0.0673275869882946	0.0649574624254001	0.0641226699070748	0.0634361055547275	0.0628578234172316	

