precision:	0	0	0	0.025	0.02	0.0333333333333333	0.0285714285714286	0.025	0.0222222222222222	0.02	

MAP:	0.0303693562347482

NDCG:	0	0	0	0.01596969716199	0.0140386094433072	0.0320058080670547	0.030957942558428	0.0301231500401027	0.0294365856877554	0.0288583035502595	

