precision:	0.1	0.05	0.0666666666666667	0.075	0.1	0.0833333333333333	0.0714285714285714	0.0625	0.0555555555555556	0.05	

MAP:	0.0553370055293208

NDCG:	0.1	0.05	0.0619906233284066	0.0680606056760201	0.0840149811037459	0.077159001340022	0.071935846826184	0.0701634048134479	0.0687056827138433	0.0674778667796892	

