precision:	0.1	0.15	0.1	0.125	0.1	0.1	0.0857142857142857	0.075	0.0777777777777778	0.07	

MAP:	0.108827191339488

NDCG:	0.1	0.2	0.176018753343187	0.20484848580995	0.195193047216536	0.198113402477214	0.192063335506847	0.189558957951871	0.194827704647452	0.193092858234964	

