precision:	0.2	0.1	0.1	0.075	0.06	0.05	0.0428571428571429	0.05	0.0444444444444444	0.04	

MAP:	0.130934947995381

NDCG:	0.2	0.1	0.111990623328407	0.108160890861644	0.105724129464697	0.103988515231106	0.102666256176838	0.108799871753348	0.107475814429842	0.106360582191835	

