precision:	0	0.05	0.1	0.1	0.08	0.0833333333333333	0.0714285714285714	0.0625	0.0666666666666667	0.06	

MAP:	0.0759996835147353

NDCG:	0	0.05	0.125083598685552	0.140183883871176	0.133884947036864	0.139196013277889	0.134967283779135	0.133297698742485	0.140781946434342	0.13962538215935	

