precision:	0.1	0.05	0.0333333333333333	0.025	0.04	0.05	0.0571428571428571	0.05	0.0555555555555556	0.05	

MAP:	0.057878692846691

NDCG:	0.1	0.05	0.0380093766715934	0.0319393943239799	0.0711448746939538	0.0781915551685702	0.0835599929698766	0.081244524274881	0.0857087673131957	0.0837399274951713	

