precision:	0	0.05	0.0333333333333333	0.05	0.04	0.0333333333333333	0.0285714285714286	0.0375	0.0666666666666667	0.06	

MAP:	0.0783738783835551

NDCG:	0	0.05	0.0380093766715934	0.0509440826597766	0.0470819072224112	0.0470819072224112	0.0470819072224112	0.0542689136746616	0.0980948326592325	0.0969796004212252	

