precision:	0.1	0.05	0.0333333333333333	0.025	0.02	0.05	0.0428571428571429	0.0375	0.0444444444444444	0.04	

MAP:	0.044067070275281

NDCG:	0.1	0.05	0.0380093766715934	0.0319393943239799	0.0280772188866144	0.0498279334278719	0.0469214629833854	0.0446059942883898	0.0490702373267045	0.0471013975086801	

