precision:	0	0.05	0.0333333333333333	0.025	0.02	0.0166666666666667	0.0428571428571429	0.05	0.0444444444444444	0.05	

MAP:	0.110362223488408

NDCG:	0	0.1	0.1	0.1	0.1	0.1	0.11827621540721	0.124868503669918	0.123921675788249	0.128853177952915	

