precision:	0.1	0.1	0.1	0.075	0.06	0.05	0.0428571428571429	0.05	0.0555555555555556	0.05	

MAP:	0.100603392060381

NDCG:	0.1	0.1	0.1	0.0901002851856236	0.0838013483513114	0.0820657341177207	0.0807434750634529	0.0868770906399628	0.0919216037535711	0.0904415161090588	

