precision:	0	0.05	0.0333333333333333	0.025	0.02	0.05	0.0428571428571429	0.05	0.0444444444444444	0.04	

MAP:	0.0856149706492509

NDCG:	0	0.1	0.1	0.1	0.1	0.119595127901151	0.117973649046685	0.133348548396662	0.132286151008451	0.131391310735395	

