precision:	0.3	0.2	0.2	0.175	0.16	0.133333333333333	0.128571428571429	0.125	0.111111111111111	0.1	

MAP:	0.105122206350224

NDCG:	0.3	0.2	0.2	0.18403030283801	0.179394714427738	0.1662953937947	0.16459072537157	0.163232684254519	0.15574721039587	0.149442315875277	

