precision:	0.1	0.1	0.133333333333333	0.125	0.12	0.1	0.0857142857142857	0.075	0.0777777777777778	0.08	

MAP:	0.0597350893617958

NDCG:	0.1	0.1	0.123981246656813	0.12015151419005	0.117714752793104	0.106181574608937	0.0973951467361095	0.0903953512560066	0.0910070300765053	0.0965645172452064	

