precision:	0.1	0.1	0.133333333333333	0.1	0.08	0.0833333333333333	0.0714285714285714	0.075	0.0777777777777778	0.07	

MAP:	0.0592621889931644

NDCG:	0.1	0.1	0.123981246656813	0.10418181702806	0.0954461187968014	0.0990215708042364	0.0934705822512143	0.0962353382569881	0.0985091762165214	0.0946953933474797	

