precision:	0.2	0.2	0.133333333333333	0.1	0.1	0.1	0.0857142857142857	0.075	0.0666666666666667	0.08	

MAP:	0.0527185590764001

NDCG:	0.2	0.2	0.152037506686374	0.12775757729592	0.124401075536818	0.12201036455647	0.111914118839065	0.103870843897122	0.0972557560399082	0.104298538150797	

