precision:	0.1	0.1	0.0666666666666667	0.05	0.04	0.05	0.0571428571428571	0.0625	0.0555555555555556	0.05	

MAP:	0.0474696977181421

NDCG:	0.1	0.1	0.0760187533431869	0.0638787886479598	0.0561544377732289	0.0604502347718862	0.0637229415559391	0.0663301760870005	0.0621058921018375	0.0589598219903293	

