precision:	0.2	0.1	0.1	0.075	0.06	0.05	0.0428571428571429	0.0375	0.0333333333333333	0.04	

MAP:	0.0570444492720936

NDCG:	0.2	0.1	0.1	0.0840303028380101	0.0777313660036979	0.073244868294148	0.0698268782226267	0.0671039023102357	0.0648644258502661	0.068707150859032	

