precision:	0.1	0.15	0.166666666666667	0.15	0.14	0.15	0.128571428571429	0.125	0.111111111111111	0.11	

MAP:	0.0685976425093355

NDCG:	0.1	0.15	0.161990623328407	0.15209090851403	0.147723059398401	0.154409567377406	0.142953795141486	0.141014446278618	0.133050883353212	0.132072302179788	

