precision:	0.1	0.15	0.166666666666667	0.15	0.14	0.133333333333333	0.128571428571429	0.125	0.122222222222222	0.12	

MAP:	0.0696659528640293

NDCG:	0.1	0.15	0.161990623328407	0.15209090851403	0.149654147117083	0.147918532883493	0.146596273829225	0.145542882953484	0.14838372185612	0.148018866449615	

