precision:	0.1	0.1	0.1	0.075	0.06	0.05	0.0571428571428571	0.05	0.0444444444444444	0.04	

MAP:	0.0402070763937181

NDCG:	0.1	0.1	0.1	0.0840303028380101	0.0777313660036979	0.073244868294148	0.0812039200327056	0.0784809441203145	0.0762414676603449	0.0743551925723432	

