precision:	0	0.1	0.133333333333333	0.125	0.14	0.116666666666667	0.1	0.0875	0.0777777777777778	0.07	

MAP:	0.0362469192572639

NDCG:	0	0.1	0.123981246656813	0.12015151419005	0.129806952783464	0.117089033572211	0.107400023478224	0.099681176861126	0.0933329109001802	0.0879858683443928	

