precision:	0.1	0.15	0.166666666666667	0.175	0.16	0.133333333333333	0.128571428571429	0.125	0.122222222222222	0.12	

MAP:	0.0682994593734652

NDCG:	0.1	0.15	0.161990623328407	0.16806060567602	0.163692756560391	0.150784136638245	0.149224751502583	0.147982451766863	0.150667925011256	0.150172207603783	

