precision:	0	0	0.0333333333333333	0.025	0.02	0.0166666666666667	0.0142857142857143	0.025	0.0333333333333333	0.03	

MAP:	0.0547263531255969

NDCG:	0	0	0.0630929753571457	0.0630929753571457	0.0630929753571457	0.0630929753571457	0.0630929753571457	0.0702799818093962	0.0761908426782794	0.0754404658467772	

