precision:	0.1	0.1	0.0666666666666667	0.05	0.06	0.0666666666666667	0.0714285714285714	0.0625	0.0666666666666667	0.06	

MAP:	0.0388927935944704

NDCG:	0.1	0.1	0.0760187533431869	0.0638787886479598	0.0682466377635893	0.0713576937351595	0.0737278182980541	0.0684289952398695	0.0704396169157232	0.0668161077015631	

