precision:	0	0.05	0.0666666666666667	0.05	0.04	0.05	0.0428571428571429	0.0375	0.0444444444444444	0.04	

MAP:	0.0375851940547982

NDCG:	0	0.05	0.0619906233284066	0.0520909085140302	0.0496541471170834	0.0577160968340683	0.0555830983525675	0.0538838238184819	0.0588548478062164	0.0573128614501736	

