precision:	0.3	0.2	0.133333333333333	0.125	0.12	0.133333333333333	0.114285714285714	0.1	0.1	0.09	

MAP:	0.0773299617571382

NDCG:	0.3	0.2	0.152037506686374	0.14372727445791	0.146164035854856	0.157697214039023	0.149933825420264	0.143749044374952	0.14503102131779	0.140829229966134	

