precision:	0.1	0.05	0.0666666666666667	0.05	0.04	0.0333333333333333	0.0285714285714286	0.025	0.0444444444444444	0.05	

MAP:	0.0288421101997849

NDCG:	0.1	0.05	0.0619906233284066	0.0520909085140301	0.045791971679718	0.0413054739701681	0.0378874838986468	0.0351645079862558	0.0456621724005158	0.0487751865962717	

