precision:	0.2	0.2	0.133333333333333	0.125	0.12	0.1	0.0857142857142857	0.0875	0.0888888888888889	0.08	

MAP:	0.0936580702919717

NDCG:	0.2	0.2	0.152037506686374	0.14372727445791	0.146164035854856	0.138102086137871	0.131960176373579	0.134254169097208	0.136140833860025	0.132000941219899	

