precision:	0	0	0	0.025	0.04	0.0333333333333333	0.0285714285714286	0.025	0.0222222222222222	0.02	

MAP:	0.0481628278178518

NDCG:	0	0	0	0.01596969716199	0.0261308094336676	0.023570626668601	0.0216201789388158	0.0200663352834951	0.0187883965868181	0.0177120093281782	

