precision:	0.2	0.2	0.166666666666667	0.125	0.1	0.0833333333333333	0.0714285714285714	0.075	0.0777777777777778	0.08	

MAP:	0.0728193763470733

NDCG:	0.2	0.2	0.176018753343187	0.14790909148597	0.130023628339561	0.117284480202134	0.107579297078852	0.11049403083117	0.110503738694231	0.110511915471517	

