precision:	0.1	0.15	0.1	0.1	0.08	0.0666666666666667	0.0571428571428571	0.05	0.0444444444444444	0.04	

MAP:	0.0686616033214213

NDCG:	0.1	0.15	0.11402813001478	0.11178788013393	0.102132441540516	0.0952552328506182	0.0900159053074845	0.0858419427158581	0.0824091209541214	0.0795177102666422	

