precision:	0.2	0.15	0.133333333333333	0.1	0.12	0.1	0.0857142857142857	0.0875	0.0777777777777778	0.07	

MAP:	0.0919724955579181

NDCG:	0.2	0.15	0.138009376671593	0.11596969716199	0.133855160308399	0.126999180544675	0.121776026030837	0.124801954296705	0.120922019579844	0.117654012824557	

