precision:	0.1	0.1	0.1	0.125	0.1	0.0833333333333333	0.0714285714285714	0.0625	0.0666666666666667	0.07	

MAP:	0.0655429603202024

NDCG:	0.1	0.1	0.1	0.11596969716199	0.104383170849894	0.0961305204220162	0.0898433273702557	0.084834572260304	0.0870837565833349	0.0889782084486225	

