precision:	0.3	0.15	0.166666666666667	0.15	0.12	0.116666666666667	0.1	0.1	0.1	0.09	

MAP:	0.0926020602754326

NDCG:	0.3	0.15	0.161990623328407	0.15209090851403	0.137561947126723	0.137011073920219	0.128316488841317	0.128576867292115	0.128791012194606	0.123242382913077	

