precision:	0.2	0.15	0.133333333333333	0.1	0.1	0.1	0.114285714285714	0.1	0.0888888888888889	0.08	

MAP:	0.08527662147672

NDCG:	0.2	0.15	0.138009376671593	0.11596969716199	0.117900784880673	0.119276226618652	0.128599000373072	0.121652068249604	0.115938653419631	0.111126335784757	

