precision:	0.1	0.1	0.0666666666666667	0.1	0.12	0.133333333333333	0.114285714285714	0.1125	0.1	0.09	

MAP:	0.105049083429103

NDCG:	0.1	0.1	0.0880093766715934	0.11387878864796	0.134616385283026	0.147525005205172	0.141620221522274	0.150231792535842	0.146894160782123	0.144082927110995	

