precision:	0.4	0.2	0.166666666666667	0.125	0.1	0.0833333333333333	0.0714285714285714	0.075	0.0666666666666667	0.06	

MAP:	0.0695953018345517

NDCG:	0.4	0.2	0.176018753343187	0.14790909148597	0.130023628339561	0.120035363678093	0.112425911572065	0.119033557810237	0.115420952645573	0.11237811328258	

