precision:	0.1	0.05	0.0333333333333333	0.025	0.04	0.0333333333333333	0.0285714285714286	0.0375	0.0333333333333333	0.03	

MAP:	0.0928029760329881

NDCG:	0.1	0.05	0.05	0.05	0.0715338279036697	0.0715338279036697	0.0715338279036697	0.0808929008658745	0.0808929008658745	0.0808929008658745	

