precision:	0.2	0.15	0.1	0.1	0.08	0.0833333333333333	0.1	0.0875	0.0777777777777778	0.07	

MAP:	0.106673001483243

NDCG:	0.2	0.15	0.126018753343187	0.135918468157563	0.130125205001515	0.135796443738152	0.148391924276625	0.144052226684218	0.140483098306197	0.137476878742973	

