precision:	0.3	0.25	0.166666666666667	0.125	0.12	0.1	0.0857142857142857	0.075	0.0777777777777778	0.08	

MAP:	0.0953692399249047

NDCG:	0.3	0.25	0.190046883357967	0.165766953967513	0.166687999737488	0.155684465833652	0.147301541764638	0.143962371691337	0.14854455403457	0.155846141219444	

