precision:	0	0.05	0.1	0.075	0.08	0.1	0.0857142857142857	0.075	0.0777777777777778	0.07	

MAP:	0.0536805464789306

NDCG:	0	0.05	0.0859718699852197	0.0722424227040804	0.0755989244631819	0.0877871993941055	0.0805228891926919	0.0757890948266152	0.0782644170712199	0.0746203411825137	

