precision:	0.1	0.05	0.1	0.125	0.12	0.116666666666667	0.1	0.0875	0.1	0.1	

MAP:	0.0972278336174899

NDCG:	0.1	0.05	0.0859718699852197	0.10418181702806	0.103676143349796	0.103315970854185	0.0947666690627512	0.0895096260979492	0.100967159827717	0.104445029429978	

