precision:	0	0	0.0333333333333333	0.025	0.06	0.0666666666666667	0.0571428571428571	0.075	0.0666666666666667	0.07	

MAP:	0.0770213199625985

NDCG:	0	0	0.0239812466568131	0.0239812466568131	0.0481656466375339	0.0567784695610224	0.055065147912631	0.0735570117934054	0.0719767291867387	0.0856971822872687	

