precision:	0	0.1	0.1	0.15	0.16	0.133333333333333	0.114285714285714	0.1	0.1	0.09	

MAP:	0.0935705276177104

NDCG:	0	0.1	0.111990623328407	0.15910497352142	0.176990436667829	0.171319197931192	0.166998625638512	0.164391391107451	0.168615675092614	0.166444721614459	

