precision:	0.4	0.35	0.233333333333333	0.2	0.18	0.15	0.128571428571429	0.1125	0.111111111111111	0.1	

MAP:	0.134871218431934

NDCG:	0.4	0.35	0.278056260029561	0.263676045453483	0.25880382806741	0.246424852425594	0.236994062847953	0.231985307738001	0.239314807423637	0.237001678873654	

