precision:	0.1	0.1	0.0666666666666667	0.075	0.06	0.0666666666666667	0.0714285714285714	0.075	0.0777777777777778	0.07	

MAP:	0.0533989019948431

NDCG:	0.1	0.1	0.0760187533431869	0.0828834769837565	0.0751591261090256	0.0794549231076829	0.0858297634560217	0.0907013012132765	0.0971966406427966	0.09520713480628	

