precision:	0.2	0.15	0.1	0.075	0.08	0.0666666666666667	0.0714285714285714	0.075	0.0666666666666667	0.06	

MAP:	0.0763181107067588

NDCG:	0.2	0.15	0.11402813001478	0.101888165319553	0.106256014435183	0.0995695064561774	0.102750370446305	0.108051222198213	0.106086719149189	0.104432049753053	

