precision:	0.2	0.15	0.133333333333333	0.15	0.12	0.133333333333333	0.142857142857143	0.1375	0.144444444444444	0.15	

MAP:	0.124512231199055

NDCG:	0.2	0.15	0.145574617693353	0.162339056148299	0.14882144211752	0.158788477852814	0.168108155845171	0.169234714199562	0.182151860933468	0.189925365470912	

