precision:	0.1	0.05	0.0666666666666667	0.1	0.12	0.116666666666667	0.128571428571429	0.1125	0.111111111111111	0.12	

MAP:	0.0992042084448195

NDCG:	0.1	0.05	0.0619906233284066	0.0901002851856236	0.107985748332032	0.112302774256863	0.12913086721813	0.125617370577925	0.129096310966491	0.140478651713032	

