precision:	0.2	0.2	0.166666666666667	0.2	0.18	0.15	0.128571428571429	0.1125	0.1	0.09	

MAP:	0.0744154735103159

NDCG:	0.2	0.2	0.176018753343187	0.19581818297194	0.184231656659843	0.16755688401937	0.155901253166303	0.149839107180611	0.144853373311252	0.140653969673267	

