precision:	0.2	0.2	0.166666666666667	0.15	0.12	0.1	0.114285714285714	0.1125	0.1	0.09	

MAP:	0.12367254220864

NDCG:	0.2	0.2	0.188009376671593	0.185769126790743	0.172251512759964	0.162623420594107	0.17356457744093	0.182060407073168	0.178627585311431	0.175736174623952	

