precision:	0.1	0.05	0.0666666666666667	0.075	0.08	0.0666666666666667	0.0571428571428571	0.0625	0.0666666666666667	0.06	

MAP:	0.083087814026319

NDCG:	0.1	0.05	0.0619906233284066	0.071890338142783	0.0781892749770952	0.0740629497631565	0.0709193532372762	0.0810847679061649	0.096171447393104	0.0955931652556082	

