precision:	0	0.1	0.0666666666666667	0.05	0.06	0.05	0.0428571428571429	0.0375	0.0333333333333333	0.03	

MAP:	0.0444827740939377

NDCG:	0	0.1	0.0760187533431869	0.0638787886479598	0.0776882656768985	0.0721864987249803	0.0679950366904733	0.0646558666171722	0.0619096092077829	0.0595964806577995	

