precision:	0	0.05	0.0333333333333333	0.025	0.06	0.0666666666666667	0.0857142857142857	0.075	0.0666666666666667	0.06	

MAP:	0.0877893611034692

NDCG:	0	0.05	0.0380093766715934	0.0380093766715934	0.0621937766523142	0.0708065995758027	0.0909073993211218	0.0895424645257813	0.0884198914873461	0.0874743662296743	

