precision:	0	0.05	0.0333333333333333	0.025	0.06	0.05	0.0571428571428571	0.075	0.1	0.09	

MAP:	0.0986206062047572

NDCG:	0	0.05	0.0380093766715934	0.0380093766715934	0.0621937766523142	0.0610090356252271	0.0736456665519863	0.0878571566650418	0.115318457465997	0.113705120106845	

