precision:	0.1	0.1	0.0666666666666667	0.1	0.08	0.0833333333333333	0.0857142857142857	0.075	0.0666666666666667	0.06	

MAP:	0.0962559683046515

NDCG:	0.1	0.1	0.0880093766715934	0.119948770995573	0.116086595558208	0.123133276032824	0.128501713834131	0.125591526949592	0.123198081237355	0.121182120318732	

