precision:	0	0	0	0	0	0	0.0428571428571429	0.0625	0.0666666666666667	0.07	

MAP:	0.0511531857135796

NDCG:	0	0	0	0	0	0	0.0279268583016647	0.0511858132310388	0.0566075557864855	0.0668871649425192	

