precision:	0	0.05	0.0333333333333333	0.025	0.02	0.0166666666666667	0.0285714285714286	0.025	0.0444444444444444	0.07	

MAP:	0.0583634860585647

NDCG:	0	0.05	0.0380093766715934	0.0319393943239799	0.0280772188866144	0.0253263354106553	0.033231911554819	0.0315623265181684	0.044299467392398	0.0677338279106135	

