precision:	0.1	0.1	0.0666666666666667	0.075	0.1	0.0833333333333333	0.0857142857142857	0.0875	0.0777777777777778	0.07	

MAP:	0.101263922584236

NDCG:	0.1	0.1	0.0760187533431869	0.0859184681575633	0.104309604982236	0.0989985387412101	0.108491573142089	0.113011679247918	0.111733740551241	0.110657353292601	

