precision:	0	0.05	0.0333333333333333	0.025	0.04	0.0666666666666667	0.0857142857142857	0.075	0.0777777777777778	0.07	

MAP:	0.0894813110129696

NDCG:	0	0.05	0.0380093766715934	0.0380093766715934	0.0501015766619538	0.069696704563105	0.0898893471023494	0.0886487452544615	0.103401672086206	0.102542275442574	

