precision:	0	0.05	0.0333333333333333	0.025	0.04	0.0333333333333333	0.0428571428571429	0.0375	0.0333333333333333	0.03	

MAP:	0.0795223613374864

NDCG:	0	0.05	0.0380093766715934	0.0380093766715934	0.0501015766619538	0.0501015766619538	0.0636407898098714	0.0636407898098714	0.0636407898098714	0.0636407898098714	

