precision:	0.1	0.05	0.0666666666666667	0.05	0.08	0.0666666666666667	0.0714285714285714	0.0875	0.0777777777777778	0.08	

MAP:	0.0938218421411822

NDCG:	0.1	0.05	0.0619906233284066	0.055920640980793	0.0762428655241483	0.0723072410211022	0.0775838360284832	0.0944572803414091	0.0929190781154113	0.0973524751589333	

