precision:	0	0.1	0.166666666666667	0.15	0.14	0.133333333333333	0.128571428571429	0.125	0.111111111111111	0.1	

MAP:	0.0863972665107711

NDCG:	0	0.1	0.155527734335386	0.151698001868623	0.149261240471676	0.148710367265173	0.148290690432063	0.149625935729969	0.144355520586604	0.139916334479467	

