precision:	0.1	0.15	0.2	0.175	0.2	0.183333333333333	0.157142857142857	0.15	0.133333333333333	0.13	

MAP:	0.0939552192643725

NDCG:	0.1	0.15	0.18597186998522	0.17224242270408	0.187691124453542	0.180284271483315	0.167269114111733	0.166810441425535	0.160064641546582	0.165824725045054	

