precision:	0.1	0.05	0.0666666666666667	0.05	0.08	0.0666666666666667	0.0571428571428571	0.0625	0.0666666666666667	0.06	

MAP:	0.0895700186386163

NDCG:	0.1	0.05	0.0619906233284066	0.055920640980793	0.0762428655241483	0.0723072410211022	0.0693089277826903	0.0795900838329087	0.0853672799256938	0.0845043193980447	

