precision:	0	0.05	0.0333333333333333	0.05	0.08	0.0666666666666667	0.0857142857142857	0.075	0.0777777777777778	0.07	

MAP:	0.0906783080829016

NDCG:	0	0.05	0.0380093766715934	0.0539790738335834	0.0762323860956214	0.0736722033305548	0.0935358769944802	0.0919820333391594	0.106477338481769	0.105400951223129	

