precision:	0.1	0.1	0.1	0.075	0.08	0.0833333333333333	0.0714285714285714	0.0875	0.111111111111111	0.1	

MAP:	0.0980902013820047

NDCG:	0.1	0.1	0.1	0.087860035304773	0.0922278844204024	0.0965236814190597	0.0915214799573197	0.107393224901788	0.133541572648273	0.130822355998746	

