precision:	0	0.05	0.0333333333333333	0.05	0.12	0.1	0.1	0.1	0.0888888888888889	0.11	

MAP:	0.103579908447824

NDCG:	0	0.05	0.0380093766715934	0.0539790738335834	0.100416786076342	0.0954871212571014	0.105270722232917	0.110184833892851	0.107857811283613	0.136293013093656	

