precision:	0	0	0	0.05	0.04	0.0666666666666667	0.0857142857142857	0.1125	0.111111111111111	0.11	

MAP:	0.0762444360115066

NDCG:	0	0	0	0.0349743854977867	0.0330432977791039	0.0523271709373254	0.0677648969436424	0.097985287499898	0.107811319900184	0.111717119790826	

