precision:	0.1	0.1	0.0666666666666667	0.075	0.06	0.05	0.0428571428571429	0.05	0.0555555555555556	0.05	

MAP:	0.0700659591081014

NDCG:	0.1	0.1	0.0760187533431869	0.0859184681575633	0.0801252050015151	0.0759988797875764	0.0728552832616962	0.0797099786689251	0.0947966581558642	0.0942183760183684	

