precision:	0	0.1	0.1	0.075	0.08	0.0833333333333333	0.0857142857142857	0.0875	0.0888888888888889	0.08	

MAP:	0.0734569643918433

NDCG:	0	0.1	0.1	0.0901002851856236	0.0958935483416718	0.10108406055066	0.105038396503774	0.10890770885409	0.121494648351739	0.118810875331635	

