precision:	0.1	0.1	0.133333333333333	0.15	0.14	0.133333333333333	0.128571428571429	0.125	0.111111111111111	0.1	

MAP:	0.14992552412791

NDCG:	0.1	0.1	0.123981246656813	0.148261176047267	0.165427154835307	0.173849277047903	0.180265580357837	0.185377192443874	0.183701719829189	0.182290496130169	

