precision:	0.2	0.1	0.0666666666666667	0.075	0.08	0.0833333333333333	0.0714285714285714	0.0625	0.0666666666666667	0.07	

MAP:	0.0865688228761938

NDCG:	0.2	0.1	0.0760187533431869	0.0859184681575633	0.0922174049918755	0.106248979112577	0.103250665874165	0.100862029700519	0.106887095931251	0.112856413173969	

