precision:	0.1	0.05	0.1	0.075	0.1	0.0833333333333333	0.0714285714285714	0.0625	0.0555555555555556	0.05	

MAP:	0.0970299299366195

NDCG:	0.1	0.05	0.0859718699852197	0.0783124050516939	0.101723392059508	0.0988030367988304	0.0965781955234042	0.0948057535106681	0.0933480314110636	0.0921202154769095	

