precision:	0.1	0.05	0.0333333333333333	0.05	0.08	0.0666666666666667	0.0714285714285714	0.075	0.0666666666666667	0.08	

MAP:	0.0692481594909894

NDCG:	0.1	0.05	0.0380093766715934	0.0509440826597766	0.0807079351164412	0.076772310613395	0.0873132105229007	0.0921115808015051	0.0896893681842492	0.103094371182628	

