precision:	0	0.05	0.0333333333333333	0.05	0.04	0.05	0.0571428571428571	0.05	0.0555555555555556	0.05	

MAP:	0.0667497652194151

NDCG:	0	0.05	0.0380093766715934	0.0479090914859699	0.0440469160486044	0.0560000666392863	0.0621792438678257	0.0605096588311752	0.0655051005635953	0.0639836808820986	

