precision:	0.1	0.1	0.1	0.1	0.1	0.1	0.0857142857142857	0.075	0.0777777777777778	0.07	

MAP:	0.0608358048690406

NDCG:	0.1	0.1	0.1	0.103829732466763	0.10626649386371	0.112908578213366	0.1078145339577	0.105425897784054	0.112318771131582	0.110664101735446	

