precision:	0	0.1	0.166666666666667	0.175	0.16	0.15	0.142857142857143	0.1375	0.122222222222222	0.11	

MAP:	0.123344939088281

NDCG:	0	0.1	0.155527734335386	0.17070269020442	0.168265928807473	0.167715055600969	0.16729537876786	0.168630624065766	0.1633602089224	0.158921022815263	

