precision:	0	0	0.0333333333333333	0.1	0.12	0.116666666666667	0.1	0.1	0.1	0.09	

MAP:	0.0782116880640039

NDCG:	0	0	0.0315464876785729	0.0794555791645427	0.0978467159892153	0.107239683814831	0.103193505067792	0.108548403691946	0.116659657737947	0.115004988341812	

