precision:	0	0.05	0.0666666666666667	0.075	0.08	0.0666666666666667	0.0571428571428571	0.0625	0.0555555555555556	0.06	

MAP:	0.0583153086369098

NDCG:	0	0.05	0.0619906233284066	0.0680606056760201	0.0813644090266948	0.0755024695791654	0.0710366139990174	0.0767557498901781	0.0745162734302085	0.0802539849810609	

