precision:	0.1	0.1	0.0666666666666667	0.1	0.12	0.116666666666667	0.1	0.0875	0.0888888888888889	0.08	

MAP:	0.0768229747655638

NDCG:	0.1	0.1	0.0760187533431869	0.0988531741457465	0.113382135533054	0.115117749766644	0.108975840002352	0.10408282627373	0.106427200604779	0.10267282938965	

