precision:	0.3	0.15	0.1	0.125	0.1	0.0833333333333333	0.0714285714285714	0.0625	0.0666666666666667	0.06	

MAP:	0.0660433489574515

NDCG:	0.3	0.15	0.11402813001478	0.12775757729592	0.116171050983823	0.107918400555946	0.101631207504185	0.0966224523942337	0.0988716367172645	0.0954019438922895	

