precision:	0.1	0.1	0.0666666666666667	0.05	0.04	0.0333333333333333	0.0285714285714286	0.025	0.0222222222222222	0.02	

MAP:	0.0877355847846079

NDCG:	0.1	0.1	0.0760187533431869	0.0638787886479598	0.0638787886479598	0.0638787886479598	0.0638787886479598	0.0638787886479598	0.0638787886479598	0.0638787886479598	

