precision:	0.2	0.1	0.0666666666666667	0.075	0.06	0.05	0.0428571428571429	0.0375	0.0333333333333333	0.04	

MAP:	0.0684737780432935

NDCG:	0.2	0.1	0.0760187533431869	0.0798484858099498	0.0740552226539016	0.0699288974399629	0.0667853009140826	0.0642809233591068	0.0622212303020648	0.066215383986345	

