precision:	0	0	0	0.025	0.04	0.0666666666666667	0.0571428571428571	0.0625	0.0555555555555556	0.05	

MAP:	0.0327407490662196

NDCG:	0	0	0	0.01596969716199	0.0277941578577078	0.0460138440208794	0.0433444996577866	0.0484049462750216	0.0461982749662318	0.0443396311306833	

