precision:	0.3	0.2	0.133333333333333	0.1	0.08	0.0833333333333333	0.0857142857142857	0.0875	0.0777777777777778	0.08	

MAP:	0.106749721001041

NDCG:	0.3	0.2	0.152037506686374	0.12775757729592	0.123895401858554	0.130942082333171	0.136310520134477	0.140587339702189	0.137736184421721	0.141063702174867	

