precision:	0.1	0.15	0.1	0.075	0.06	0.0666666666666667	0.0857142857142857	0.0875	0.0777777777777778	0.08	

MAP:	0.0537053691287417

NDCG:	0.1	0.15	0.11402813001478	0.0958181829719397	0.0842316566598433	0.0857765701825415	0.0952284541951339	0.0955713855000017	0.0894848544967076	0.0904354277314523	

