precision:	0.1	0.05	0.0333333333333333	0.05	0.04	0.0333333333333333	0.0285714285714286	0.05	0.0555555555555556	0.05	

MAP:	0.0362638610535934

NDCG:	0.1	0.05	0.0380093766715934	0.0479090914859699	0.0421158283299217	0.037989503115983	0.0348459065901027	0.0467155419396277	0.0501090001832374	0.0472382555142505	

