precision:	0	0	0.0333333333333333	0.05	0.04	0.0333333333333333	0.0285714285714286	0.025	0.0333333333333333	0.03	

MAP:	0.0289157637065298

NDCG:	0	0	0.0239812466568131	0.0361212113520402	0.0336844499550935	0.0319488357215028	0.030626576667235	0.0295731857914944	0.0350754084733343	0.0339808422538193	

