precision:	0.2	0.15	0.1	0.125	0.1	0.0833333333333333	0.0714285714285714	0.075	0.0666666666666667	0.07	

MAP:	0.11433898146778

NDCG:	0.2	0.15	0.11402813001478	0.12775757729592	0.112308875546458	0.101305341642621	0.0929224175736073	0.121246995796989	0.117127609682905	0.120651025597747	

