precision:	0.4	0.25	0.166666666666667	0.2	0.16	0.133333333333333	0.114285714285714	0.1	0.1	0.09	

MAP:	0.25719198908138

NDCG:	0.4	0.3	0.26402813001478	0.30275757729592	0.287308875546458	0.276305341642621	0.267922417573607	0.26207886994533	0.263641489916014	0.259228659547038	

