precision:	0	0.1	0.1	0.075	0.06	0.05	0.0571428571428571	0.0625	0.0555555555555556	0.05	

MAP:	0.0500268279023162

NDCG:	0	0.1	0.1	0.0840303028380101	0.0738691905663324	0.0666318093808234	0.0711193954534658	0.0739138409566746	0.0698435262237788	0.0675303976737955	

