precision:	0.2	0.1	0.0666666666666667	0.05	0.06	0.0833333333333333	0.0714285714285714	0.0625	0.0666666666666667	0.07	

MAP:	0.0499651055945271

NDCG:	0.2	0.1	0.0760187533431869	0.0638787886479598	0.0682466377635893	0.0811552576857351	0.0744397345756037	0.069089746048617	0.0710582873438019	0.0736618833475535	

