precision:	0.1	0.15	0.1	0.1	0.1	0.0833333333333333	0.0857142857142857	0.0875	0.0777777777777778	0.07	

MAP:	0.0550938334318365

NDCG:	0.1	0.15	0.11402813001478	0.11178788013393	0.110362466093511	0.100734373927654	0.10167422361306	0.10242296424749	0.0966701858993908	0.0927885165673113	

