precision:	0.2	0.15	0.133333333333333	0.125	0.12	0.1	0.1	0.1	0.0888888888888889	0.09	

MAP:	0.0775609736475165

NDCG:	0.2	0.15	0.138009376671593	0.13193939432398	0.128077218886614	0.11552877146008	0.114243779870059	0.113220078491754	0.10600957804405	0.107278626671242	

