precision:	0.1	0.1	0.133333333333333	0.125	0.1	0.1	0.1	0.0875	0.0777777777777778	0.07	

MAP:	0.0823561826107406

NDCG:	0.1	0.1	0.123981246656813	0.126221496537664	0.115554710587722	0.119490335090768	0.12248864832918	0.117690278050576	0.113743920230717	0.112587355955725	

