precision:	0	0	0.0666666666666667	0.05	0.04	0.0333333333333333	0.0285714285714286	0.025	0.0222222222222222	0.03	

MAP:	0.0206091294470388

NDCG:	0	0	0.0479624933136263	0.0403030283801005	0.035429505586207	0.0319582771190257	0.02931375901049	0.027206977259009	0.0254742817484592	0.0297438602192068	

