precision:	0	0	0.0333333333333333	0.025	0.06	0.0666666666666667	0.0571428571428571	0.05	0.0555555555555556	0.05	

MAP:	0.0227097372798969

NDCG:	0	0	0.0239812466568131	0.0201515141900502	0.0418991527738243	0.0493272346702257	0.046711330800676	0.0446273448683399	0.0492819679226899	0.047473482137369	

