precision:	0.2	0.1	0.1	0.075	0.06	0.05	0.0428571428571429	0.075	0.0666666666666667	0.06	

MAP:	0.0567332076534971

NDCG:	0.2	0.1	0.1	0.0840303028380101	0.0738691905663324	0.0666318093808234	0.0611180882920487	0.0782865466997583	0.0733008128303994	0.0706021628554188	

