precision:	0	0	0	0	0.02	0.0333333333333333	0.0285714285714286	0.0375	0.0333333333333333	0.03	

MAP:	0.0272974447661881

NDCG:	0	0	0	0	0.0120921999903604	0.0207050229138489	0.0189917012654575	0.0269858394323218	0.0258632663938866	0.0249177411362149	

