precision:	0	0	0.0666666666666667	0.05	0.06	0.05	0.0571428571428571	0.0625	0.0777777777777778	0.07	

MAP:	0.035602889006006

NDCG:	0	0	0.0479624933136263	0.0403030283801005	0.051799253105644	0.0483280246384626	0.0539584147757199	0.0584439212869464	0.0685015387689581	0.0670214511244458	

