precision:	0	0	0.0666666666666667	0.075	0.08	0.0666666666666667	0.0714285714285714	0.075	0.0666666666666667	0.07	

MAP:	0.0533418366869177

NDCG:	0	0	0.0479624933136263	0.0593077167158972	0.0665263939123641	0.0618704244180957	0.0665982323341946	0.0703646877084255	0.067093789971878	0.0720930792556356	

