precision:	0	0	0	0	0	0	0	0.0125	0.0111111111111111	0.02	

MAP:	0.0364434374991218

NDCG:	0	0	0	0	0	0	0	0.00718700645225042	0.00672929688401887	0.0120727755557893	

