precision:	0.1	0.1	0.1	0.1	0.08	0.0666666666666667	0.0571428571428571	0.05	0.0555555555555556	0.07	

MAP:	0.0706213193428931

NDCG:	0.1	0.1	0.1	0.1	0.0903445614065864	0.0834673527166885	0.0782280251735548	0.0740540625819284	0.0769898112573065	0.0863481096318493	

