precision:	0.2	0.15	0.133333333333333	0.1	0.1	0.0833333333333333	0.0714285714285714	0.0875	0.0888888888888889	0.08	

MAP:	0.0731514583026463

NDCG:	0.2	0.15	0.138009376671593	0.11596969716199	0.117900784880673	0.109478662668077	0.103062359358143	0.112324760176607	0.113573931968265	0.108897089227628	

