precision:	0.1	0.05	0.0333333333333333	0.025	0.04	0.05	0.0428571428571429	0.0375	0.0444444444444444	0.04	

MAP:	0.0628380515461202

NDCG:	0.1	0.05	0.0380093766715934	0.0319393943239799	0.0440315943143403	0.0526444172378288	0.0509310955894374	0.0495661607940969	0.0548121581927765	0.0535017775285997	

