precision:	0.1	0.1	0.1	0.1	0.1	0.1	0.1	0.1	0.0888888888888889	0.08	

MAP:	0.047713012303615

NDCG:	0.1	0.1	0.1	0.1	0.1	0.1	0.1	0.1	0.0936314295628852	0.0882672848726226	

