precision:	0	0	0.0333333333333333	0.05	0.06	0.05	0.0571428571428571	0.0625	0.0555555555555556	0.05	

MAP:	0.0467876127387256

NDCG:	0	0	0.0239812466568131	0.0361212113520402	0.0455089106508113	0.042397854679241	0.0483026383621394	0.0530067432307811	0.0505070032414907	0.0484015123588832	

