precision:	0.2	0.25	0.166666666666667	0.125	0.1	0.0833333333333333	0.0857142857142857	0.0875	0.0777777777777778	0.08	

MAP:	0.0599666287231452

NDCG:	0.2	0.25	0.190046883357967	0.1596969716199	0.140386094433072	0.126631677053277	0.124427930212802	0.122672293292257	0.114859821887115	0.114356663215509	

