precision:	0.2	0.1	0.1	0.125	0.1	0.1	0.0857142857142857	0.075	0.0777777777777778	0.08	

MAP:	0.066395956815722

NDCG:	0.2	0.1	0.1	0.11596969716199	0.105808584890312	0.108368767655379	0.102044307139371	0.0970058625319844	0.10293781576824	0.105176556365486	

