precision:	0.2	0.1	0.1	0.15	0.12	0.1	0.1	0.1	0.0888888888888889	0.09	

MAP:	0.0764787560511203

NDCG:	0.2	0.1	0.1	0.13193939432398	0.117916106614937	0.107927841953469	0.108593298093233	0.112582898692658	0.107108046509863	0.109382230736533	

