precision:	0.1	0.1	0.1	0.1	0.08	0.0666666666666667	0.0571428571428571	0.05	0.0444444444444444	0.05	

MAP:	0.0492618777289522

NDCG:	0.1	0.1	0.1	0.1	0.0898388877283224	0.0826015065428134	0.0770877854540386	0.072695224504997	0.0690826193403327	0.071768780074107	

