precision:	0.2	0.1	0.1	0.1	0.08	0.0833333333333333	0.0714285714285714	0.0625	0.0666666666666667	0.06	

MAP:	0.0819990412305459

NDCG:	0.2	0.1	0.1	0.1	0.0917699754470051	0.0957055999500513	0.0904290049426702	0.0862253528536088	0.0891366837843013	0.085859851015771	

