precision:	0.2	0.1	0.1	0.1	0.08	0.1	0.0857142857142857	0.0875	0.0888888888888889	0.08	

MAP:	0.0587425244778112

NDCG:	0.2	0.1	0.1	0.1	0.0879078000096396	0.101448385392329	0.0940760593676947	0.0953898286942332	0.0964703213519994	0.0916514028834802	

