precision:	0.3	0.15	0.133333333333333	0.125	0.12	0.116666666666667	0.1	0.0875	0.0777777777777778	0.08	

MAP:	0.106969561746494

NDCG:	0.3	0.15	0.138009376671593	0.13193939432398	0.135801569761345	0.138552453237305	0.132373276008765	0.127450572782708	0.123401958931956	0.125720876545554	

