precision:	0.1	0.05	0.0333333333333333	0.05	0.06	0.05	0.0428571428571429	0.0875	0.0777777777777778	0.08	

MAP:	0.0662155464080287

NDCG:	0.1	0.05	0.0380093766715934	0.0479090914859699	0.0558713767443222	0.0517450515303835	0.0486014550045033	0.0817640199033482	0.0787889077098431	0.0820120185441288	

