precision:	0.2	0.15	0.166666666666667	0.125	0.1	0.0833333333333333	0.0857142857142857	0.075	0.0777777777777778	0.07	

MAP:	0.0744911811207016

NDCG:	0.2	0.15	0.161990623328407	0.13612121135204	0.123523337683416	0.114550342264316	0.115989270367066	0.109948600352741	0.111349099556481	0.106799717466868	

