precision:	0.3	0.15	0.1	0.075	0.08	0.0666666666666667	0.0714285714285714	0.0625	0.0555555555555556	0.05	

MAP:	0.075474696286618

NDCG:	0.3	0.15	0.11402813001478	0.0958181829719397	0.100186032087569	0.0934995241085638	0.0966803880986914	0.0920274486988518	0.0882006986316963	0.0849774884534645	

