precision:	0.1	0.1	0.1	0.075	0.12	0.116666666666667	0.1	0.1	0.0888888888888889	0.08	

MAP:	0.0613730793084558

NDCG:	0.1	0.1	0.1	0.0840303028380101	0.141121246354392	0.141311947065285	0.13318232210696	0.133892781677833	0.128108519562173	0.124393092670358	

