precision:	0	0.05	0.0666666666666667	0.05	0.06	0.05	0.0571428571428571	0.05	0.0444444444444444	0.06	

MAP:	0.0386619899194655

NDCG:	0	0.05	0.0619906233284066	0.0520909085140302	0.0578841716700783	0.0522129329334415	0.0561672688865547	0.0521305236476252	0.0488105545298894	0.0574721980071745	

