precision:	0	0	0	0.025	0.04	0.0666666666666667	0.0857142857142857	0.075	0.0777777777777778	0.08	

MAP:	0.0446061949903012

NDCG:	0	0	0	0.01596969716199	0.0261308094336676	0.0431657545697521	0.0561436444770868	0.0521085971259901	0.0551585948513438	0.0584876960414926	

