precision:	0.1	0.05	0.0333333333333333	0.05	0.04	0.0333333333333333	0.0285714285714286	0.025	0.0222222222222222	0.02	

MAP:	0.0269608832519077

NDCG:	0.1	0.05	0.0380093766715934	0.0479090914859699	0.0421158283299217	0.037989503115983	0.0348459065901027	0.0323415290351269	0.0302818359780849	0.0291252717030932	

