precision:	0.3	0.2	0.166666666666667	0.15	0.14	0.116666666666667	0.1	0.1125	0.122222222222222	0.12	

MAP:	0.0977860440542492

NDCG:	0.3	0.2	0.176018753343187	0.16387878864796	0.160016613210594	0.14746816578406	0.137908265948246	0.148125747534144	0.154141506274106	0.153479483236241	

