precision:	0.2	0.15	0.1	0.1	0.08	0.0833333333333333	0.0714285714285714	0.075	0.0666666666666667	0.06	

MAP:	0.0876595747456225

NDCG:	0.2	0.15	0.11402813001478	0.11178788013393	0.102132441540516	0.105052796801194	0.099002729830827	0.101369890033106	0.0969481600090323	0.0943803720350199	

