precision:	0	0.05	0.0333333333333333	0.075	0.06	0.0833333333333333	0.0714285714285714	0.0625	0.0555555555555556	0.06	

MAP:	0.0621486833406703

NDCG:	0	0.05	0.0380093766715934	0.0638787886479598	0.0600166132105944	0.0768608576357864	0.0731436477640669	0.0701822954107262	0.0677467693178206	0.0714243648665412	

