precision:	0.1	0.15	0.1	0.1	0.08	0.0666666666666667	0.0571428571428571	0.05	0.0555555555555556	0.06	

MAP:	0.0605654972655689

NDCG:	0.1	0.15	0.11402813001478	0.11178788013393	0.0982702661031506	0.0886421739372936	0.0813071153769064	0.0754635677486294	0.0807333743772232	0.08241439951152	

