precision:	0.1	0.05	0.0333333333333333	0.05	0.04	0.05	0.0428571428571429	0.0375	0.0333333333333333	0.03	

MAP:	0.0345602396901902

NDCG:	0.1	0.05	0.0380093766715934	0.0479090914859699	0.0421158283299217	0.0503453474715856	0.0472017509457053	0.0446973733907295	0.0426376803336875	0.0409028339212	

