precision:	0	0	0	0.05	0.06	0.05	0.0571428571428571	0.05	0.0444444444444444	0.05	

MAP:	0.0326971154742018

NDCG:	0	0	0	0.0319393943239799	0.0401694188769748	0.0362337943739286	0.0415103893813097	0.0385270350181207	0.0360734136556598	0.0397357678491873	

