precision:	0	0.05	0.0333333333333333	0.075	0.06	0.0666666666666667	0.0571428571428571	0.0625	0.0666666666666667	0.07	

MAP:	0.0770701945792882

NDCG:	0	0.05	0.0380093766715934	0.0638787886479598	0.0561544377732289	0.0893379515447648	0.0851464895102578	0.0895508542347573	0.102577840664654	0.105993712211439	

