precision:	0.1	0.1	0.133333333333333	0.1	0.08	0.0666666666666667	0.0714285714285714	0.075	0.0777777777777778	0.07	

MAP:	0.089116497423216

NDCG:	0.1	0.1	0.123981246656813	0.10418181702806	0.0915839433594359	0.0826109479403363	0.0840498760430866	0.0857909306705549	0.0966275120216706	0.09246944042067	

