precision:	0.2	0.1	0.0666666666666667	0.075	0.1	0.1	0.1	0.1	0.1	0.09	

MAP:	0.150714444950088

NDCG:	0.2	0.1	0.0880093766715934	0.13193939432398	0.152261618867335	0.156938817287778	0.160502090646767	0.164654577267026	0.169029605708288	0.166541994750627	

