precision:	0	0.1	0.133333333333333	0.1	0.12	0.1	0.0857142857142857	0.0875	0.0777777777777778	0.07	

MAP:	0.119339926092207

NDCG:	0	0.1	0.163092975357146	0.147123278195156	0.161146565904199	0.151539702664516	0.144220817133424	0.156726405613709	0.15330418046508	0.15042169513479	

