precision:	0	0.05	0.1	0.1	0.08	0.0833333333333333	0.0714285714285714	0.0625	0.0555555555555556	0.05	

MAP:	0.105134154096179

NDCG:	0	0.05	0.125083598685552	0.131153581033166	0.122923556480171	0.126859180983217	0.121582585975836	0.119048518923425	0.116964408121698	0.115208995034664	

