precision:	0	0	0	0	0	0	0	0.0125	0.0333333333333333	0.03	

MAP:	0.06321897901436

NDCG:	0	0	0	0	0	0	0	0.00718700645225042	0.0446443549997065	0.0438939781682043	

