precision:	0.2	0.15	0.1	0.125	0.12	0.1	0.0857142857142857	0.075	0.0666666666666667	0.06	

MAP:	0.109549761671252

NDCG:	0.2	0.15	0.11402813001478	0.12775757729592	0.155376531353797	0.144372997449961	0.135990073380947	0.13014652575267	0.125340575286238	0.121292600323767	

