precision:	0.2	0.2	0.133333333333333	0.1	0.08	0.0666666666666667	0.0571428571428571	0.0625	0.0555555555555556	0.05	

MAP:	0.217423884573539

NDCG:	0.2	0.25	0.238009376671593	0.23193939432398	0.228077218886614	0.225326335410655	0.223230604393402	0.228748025809002	0.226917187536075	0.225375101836087	

