precision:	0.5	0.3	0.2	0.175	0.14	0.133333333333333	0.114285714285714	0.1	0.0888888888888889	0.08	

MAP:	0.261477165906754

NDCG:	0.5	0.35	0.302037506686374	0.30275757729592	0.287308875546458	0.286102905593197	0.27690924209695	0.271254603328653	0.266604018520464	0.262686905558961	

