precision:	0.1	0.05	0.0666666666666667	0.075	0.06	0.0666666666666667	0.0857142857142857	0.0875	0.0777777777777778	0.07	

MAP:	0.0808974191746038

NDCG:	0.1	0.05	0.0619906233284066	0.0680606056760201	0.0598305811230252	0.0637662056260714	0.0845748782198844	0.0891681518043641	0.0865772600532166	0.0843949935042014	

