precision:	0.1	0.1	0.1	0.1	0.08	0.0833333333333333	0.0714285714285714	0.0625	0.0555555555555556	0.05	

MAP:	0.159926491402372

NDCG:	0.1	0.15	0.161990623328407	0.16806060567602	0.159830581123025	0.163766205626071	0.15848961061869	0.155766634706299	0.15352715824633	0.151640883158328	

