precision:	0	0	0.0333333333333333	0.025	0.06	0.05	0.0571428571428571	0.075	0.0777777777777778	0.09	

MAP:	0.0977497173880614

NDCG:	0	0	0.0239812466568131	0.0201515141900502	0.0728746085908032	0.0699542533301255	0.0760043203004922	0.0974908332171303	0.110859527075144	0.121556322045473	

