precision:	0.1	0.05	0.0666666666666667	0.05	0.06	0.0666666666666667	0.0857142857142857	0.075	0.0666666666666667	0.07	

MAP:	0.0821710341781427

NDCG:	0.1	0.05	0.0619906233284066	0.0520909085140301	0.0578841716700783	0.062010496884017	0.0734290016556902	0.0693922564167607	0.0660722872990249	0.0933789301491728	

