precision:	0.1	0.1	0.0666666666666667	0.1	0.1	0.0833333333333333	0.0857142857142857	0.075	0.0777777777777778	0.07	

MAP:	0.129726848614415

NDCG:	0.1	0.15	0.138009376671593	0.16387878864796	0.168246637763589	0.162935571522563	0.167164301021318	0.163346154139804	0.16657453886211	0.163564755414869	

