precision:	0.2	0.2	0.166666666666667	0.125	0.12	0.1	0.1	0.0875	0.0888888888888889	0.1	

MAP:	0.265406870523241

NDCG:	0.2	0.25	0.261990623328407	0.25209090851403	0.257884171670078	0.252212932933441	0.256167268886555	0.253800108684276	0.258221838708349	0.278261799383602	

