precision:	0.1	0.05	0.0666666666666667	0.05	0.06	0.05	0.0428571428571429	0.0375	0.0444444444444444	0.06	

MAP:	0.068305819783402

NDCG:	0.1	0.05	0.0619906233284066	0.0520909085140302	0.0578841716700783	0.0522129329334415	0.0478923606407618	0.0451693847283707	0.0502583480210236	0.0854681812392375	

