precision:	0.2	0.1	0.133333333333333	0.1	0.1	0.0833333333333333	0.0714285714285714	0.075	0.0777777777777778	0.08	

MAP:	0.111731172584159

NDCG:	0.2	0.1	0.123981246656813	0.10418181702806	0.103676143349796	0.0935184069036096	0.0857798445394086	0.0895248239422725	0.117782751248315	0.130064349397371	

