precision:	0.1	0.05	0.0333333333333333	0.025	0.04	0.05	0.0714285714285714	0.0625	0.0666666666666667	0.06	

MAP:	0.0727495415669635

NDCG:	0.1	0.05	0.0380093766715934	0.0319393943239799	0.0401694188769748	0.0460313583245042	0.0861179326154545	0.0830834127834633	0.0879161507929561	0.0858140612602926	

