precision:	0	0.1	0.1	0.075	0.08	0.0666666666666667	0.0571428571428571	0.05	0.0555555555555556	0.06	

MAP:	0.0924055961645545

NDCG:	0	0.1	0.111990623328407	0.10209090851403	0.107884171670078	0.102212932933441	0.0978923606407618	0.0978923606407618	0.104260931077877	0.109625075768139	

