precision:	0.1	0.1	0.133333333333333	0.15	0.14	0.133333333333333	0.128571428571429	0.125	0.111111111111111	0.1	

MAP:	0.174201113628328

NDCG:	0.1	0.1	0.143537111006979	0.174607093354593	0.178469268791958	0.181220152267918	0.183315883285171	0.188427495371208	0.186262904443087	0.184439704236962	

