precision:	0.1	0.05	0.0333333333333333	0.025	0.04	0.0333333333333333	0.0571428571428571	0.05	0.0555555555555556	0.05	

MAP:	0.0652617415793038

NDCG:	0.1	0.05	0.0380093766715934	0.0319393943239799	0.0401694188769748	0.0362337943739286	0.0497852976271026	0.0468019432639136	0.0516767616540752	0.0496101157508351	

