precision:	0	0	0	0	0.02	0.0333333333333333	0.0428571428571429	0.0375	0.0333333333333333	0.03	

MAP:	0.0214650741021034

NDCG:	0	0	0	0	0.0120921999903604	0.0217692099088988	0.0291415359335333	0.0285468177439904	0.0280576994305538	0.0276457229234494	

