precision:	0	0	0.0333333333333333	0.075	0.06	0.05	0.0428571428571429	0.0375	0.0333333333333333	0.03	

MAP:	0.056966612405937

NDCG:	0	0	0.0239812466568131	0.0520909085140302	0.0477230593984007	0.0446120034268304	0.0422418788639359	0.0403536954698701	0.0388007833622478	0.0380710725492378	

