precision:	0.1	0.1	0.0666666666666667	0.075	0.06	0.0666666666666667	0.0714285714285714	0.075	0.0666666666666667	0.06	

MAP:	0.0581326826827503

NDCG:	0.1	0.1	0.0760187533431869	0.0798484858099498	0.0740552226539016	0.0797264613905384	0.0840470336832181	0.0874890607326047	0.0839513410997891	0.0814189967552	

