precision:	0.2	0.2	0.166666666666667	0.125	0.1	0.0833333333333333	0.0857142857142857	0.075	0.0666666666666667	0.07	

MAP:	0.0497088180985807

NDCG:	0.2	0.2	0.176018753343187	0.14790909148597	0.130023628339561	0.117284480202134	0.115854205324645	0.10752775611276	0.100679775225269	0.100640830901956	

