precision:	0	0	0.1	0.075	0.08	0.0666666666666667	0.0571428571428571	0.05	0.0666666666666667	0.06	

MAP:	0.0689640011211097

NDCG:	0	0	0.0719437399704394	0.0604545425701507	0.0701099811635644	0.0671896259028866	0.0649647846274604	0.0631923426147244	0.0744717613893495	0.0730123397633294	

