precision:	0	0	0.0333333333333333	0.025	0.02	0.0166666666666667	0.0142857142857143	0.0375	0.0333333333333333	0.04	

MAP:	0.0566510218528942

NDCG:	0	0	0.0239812466568131	0.0201515141900502	0.0201515141900502	0.0201515141900502	0.0201515141900502	0.0345255270945511	0.033610107958088	0.0385680652048612	

