precision:	0.1	0.2	0.133333333333333	0.125	0.12	0.1	0.1	0.0875	0.0888888888888889	0.1	

MAP:	0.0937693636614261

NDCG:	0.1	0.2	0.16402813001478	0.16178788013393	0.164224641530876	0.156162691813892	0.158295690295392	0.152807958377227	0.154663214394839	0.161954866866142	

