precision:	0	0.05	0.0333333333333333	0.075	0.08	0.0666666666666667	0.0571428571428571	0.0625	0.0777777777777778	0.08	

MAP:	0.0606240800917854

NDCG:	0	0.05	0.0380093766715934	0.0638787886479598	0.070177725482272	0.0648666592412462	0.0608204804942076	0.0647840582544867	0.0744124221591131	0.0772913436053859	

