precision:	0.2	0.15	0.133333333333333	0.1	0.1	0.0833333333333333	0.0857142857142857	0.075	0.0666666666666667	0.06	

MAP:	0.0496063708640901

NDCG:	0.2	0.15	0.138009376671593	0.11596969716199	0.114038609443307	0.102865603754752	0.105730611237644	0.0989494141149565	0.093372305901268	0.0886747971421388	

