precision:	0.4	0.3	0.2	0.175	0.16	0.133333333333333	0.128571428571429	0.125	0.111111111111111	0.1	

MAP:	0.0685324082736039

NDCG:	0.4	0.3	0.228056260029561	0.207606063105869	0.19845629819072	0.182141698045857	0.181089637039884	0.178374874653561	0.169773582865179	0.162528852806583	

