precision:	0	0	0.0333333333333333	0.025	0.02	0.0166666666666667	0.0285714285714286	0.0375	0.0333333333333333	0.04	

MAP:	0.0566257423425811

NDCG:	0	0	0.0239812466568131	0.0201515141900502	0.0201515141900502	0.0201515141900502	0.0284264224358432	0.0350187106985507	0.0340718828168825	0.0390033849815486	

