precision:	0.2	0.15	0.133333333333333	0.1	0.08	0.0833333333333333	0.0857142857142857	0.0875	0.0777777777777778	0.08	

MAP:	0.0771769827917794

NDCG:	0.2	0.15	0.138009376671593	0.11596969716199	0.105808584890312	0.108368767655379	0.110319215385164	0.111873059040485	0.106782427300047	0.108223669965192	

