precision:	0	0.05	0.0333333333333333	0.05	0.06	0.05	0.0428571428571429	0.0375	0.0444444444444444	0.04	

MAP:	0.0540626374359311

NDCG:	0	0.05	0.0380093766715934	0.0479090914859699	0.0558713767443222	0.0517450515303835	0.0486014550045033	0.0460970774495274	0.0541131414875106	0.052378295075023	

