precision:	0	0.15	0.133333333333333	0.1	0.08	0.0833333333333333	0.0857142857142857	0.075	0.0666666666666667	0.08	

MAP:	0.0707191403905855

NDCG:	0	0.15	0.15	0.13403030283801	0.127731366003698	0.133042432244724	0.137088610991762	0.133125033231483	0.129865239763972	0.142463283863963	

