precision:	0	0	0.0333333333333333	0.05	0.04	0.0333333333333333	0.0285714285714286	0.025	0.0222222222222222	0.02	

MAP:	0.0613624289389306

NDCG:	0	0	0.0239812466568131	0.0361212113520402	0.0361212113520402	0.0361212113520402	0.0361212113520402	0.0361212113520402	0.0361212113520402	0.0361212113520402	

