precision:	0	0	0	0	0.02	0.0333333333333333	0.0428571428571429	0.0375	0.0444444444444444	0.04	

MAP:	0.0258424830493323

NDCG:	0	0	0	0	0.0120921999903604	0.0207050229138489	0.0272666095112504	0.0253069565263669	0.03006383561161	0.0283414784403288	

