precision:	0.2	0.1	0.1	0.1	0.08	0.0833333333333333	0.0714285714285714	0.075	0.0777777777777778	0.07	

MAP:	0.0599348225185894

NDCG:	0.2	0.1	0.1	0.1	0.0879078000096396	0.0890925410367267	0.0817202150120921	0.0830339843386306	0.0841144769963968	0.0792955585278776	

