precision:	0	0.1	0.0666666666666667	0.075	0.06	0.0666666666666667	0.0571428571428571	0.05	0.0444444444444444	0.04	

MAP:	0.0392532234599584

NDCG:	0	0.1	0.0760187533431869	0.0798484858099498	0.0701930472165361	0.0731134024772138	0.0670633355068471	0.0622434892568757	0.0582794688010336	0.0549406379770267	

