precision:	0.2	0.15	0.1	0.1	0.08	0.0666666666666667	0.0714285714285714	0.075	0.0666666666666667	0.06	

MAP:	0.0444320095668408

NDCG:	0.2	0.15	0.11402813001478	0.11178788013393	0.100201353821833	0.0919487033939559	0.0939364185879883	0.0955199517407442	0.090453737744992	0.0861865469879154	

