precision:	0	0	0.0666666666666667	0.075	0.06	0.05	0.0428571428571429	0.0375	0.0333333333333333	0.03	

MAP:	0.0519097599123737

NDCG:	0	0	0.0479624933136263	0.0562727255420904	0.051904876426461	0.0487938204548907	0.0464236958919962	0.0445355124979304	0.0429826003903081	0.0416746074398023	

