precision:	0.3	0.15	0.133333333333333	0.15	0.12	0.1	0.1	0.0875	0.0777777777777778	0.08	

MAP:	0.0564093087781546

NDCG:	0.3	0.15	0.138009376671593	0.14790909148597	0.130023628339561	0.117284480202134	0.118956338888931	0.111224607866588	0.104865745292535	0.109124493114416	

