precision:	0.3	0.3	0.2	0.175	0.16	0.166666666666667	0.142857142857143	0.15	0.133333333333333	0.12	

MAP:	0.0947561493162911

NDCG:	0.3	0.3	0.228056260029561	0.207606063105869	0.202318473628085	0.208349884860333	0.196395034207068	0.201245095992956	0.192496825952826	0.18512829847117	

