precision:	0.4	0.2	0.166666666666667	0.125	0.1	0.0833333333333333	0.0857142857142857	0.075	0.0888888888888889	0.08	

MAP:	0.172870298088215

NDCG:	0.4	0.25	0.238009376671593	0.21596969716199	0.205808584890312	0.198571203704803	0.201332390861822	0.196345111723237	0.204980529119366	0.200796002436258	

