precision:	0.2	0.2	0.133333333333333	0.125	0.1	0.0833333333333333	0.0857142857142857	0.075	0.0777777777777778	0.08	

MAP:	0.0735308206574066

NDCG:	0.2	0.2	0.152037506686374	0.14372727445791	0.13020966042713	0.120581568261273	0.121521417946679	0.115083152128859	0.116156653786106	0.117060847006794	

