precision:	0.4	0.25	0.166666666666667	0.125	0.12	0.116666666666667	0.114285714285714	0.1125	0.111111111111111	0.11	

MAP:	0.187069751720927

NDCG:	0.4	0.3	0.252037506686374	0.22775757729592	0.228263250974184	0.228623423469795	0.228897817015436	0.229116415372851	0.229296198775779	0.23096904713279	

