precision:	0.2	0.1	0.133333333333333	0.1	0.08	0.0666666666666667	0.0714285714285714	0.075	0.0666666666666667	0.08	

MAP:	0.0507038938475427

NDCG:	0.2	0.1	0.123981246656813	0.10418181702806	0.0915839433594359	0.0826109479403363	0.0871520096073725	0.0888930642348408	0.0839564017466701	0.0951420459772949	

