precision:	0.1	0.1	0.133333333333333	0.1	0.1	0.0833333333333333	0.0714285714285714	0.075	0.0777777777777778	0.08	

MAP:	0.0495666918427628

NDCG:	0.1	0.1	0.123981246656813	0.10418181702806	0.105339491773836	0.0963664963547368	0.0895305162116942	0.0912715708391625	0.0927034787881066	0.0939095518773686	

