precision:	0.4	0.3	0.2	0.175	0.16	0.133333333333333	0.114285714285714	0.1	0.0888888888888889	0.08	

MAP:	0.0696145238198067

NDCG:	0.4	0.3	0.228056260029561	0.207606063105869	0.19845629819072	0.182141698045857	0.169712595229805	0.159810826391231	0.151667244171081	0.144808035537483	

