precision:	0	0	0	0	0	0	0	0	0.0111111111111111	0.03	

MAP:	0.0346840919099888

NDCG:	0	0	0	0	0	0	0	0	0.0100757570950251	0.0215337572885605	

