precision:	0.1	0.05	0.0666666666666667	0.075	0.08	0.0833333333333333	0.0714285714285714	0.0625	0.0555555555555556	0.05	

MAP:	0.0871578281788417

NDCG:	0.1	0.05	0.0619906233284066	0.0680606056760201	0.0782217179476977	0.0854590991332067	0.0826979119761886	0.0804981846625227	0.0786890472717403	0.0776633449977167	

