precision:	0.1	0.05	0.0666666666666667	0.05	0.04	0.05	0.0571428571428571	0.05	0.0555555555555556	0.05	

MAP:	0.0603388065239021

NDCG:	0.1	0.05	0.0619906233284066	0.0520909085140301	0.045791971679718	0.0536613183257707	0.0585182365000424	0.0552005423981083	0.058840518061817	0.0561774110602059	

