precision:	0.2	0.1	0.0666666666666667	0.1	0.12	0.116666666666667	0.1	0.0875	0.0777777777777778	0.08	

MAP:	0.0865303761184727

NDCG:	0.2	0.1	0.0760187533431869	0.0958181829719397	0.11394158050197	0.11705263647354	0.111147852790642	0.106443747922	0.102574917474175	0.105045263763288	

