precision:	0.2	0.1	0.1	0.1	0.08	0.0833333333333333	0.0714285714285714	0.075	0.0666666666666667	0.06	

MAP:	0.077748746215965

NDCG:	0.2	0.1	0.1	0.1	0.0917699754470051	0.0957055999500513	0.0904290049426702	0.0934123593058592	0.0894974102312053	0.0861999114441828	

