precision:	0	0.05	0.0333333333333333	0.05	0.04	0.0333333333333333	0.0285714285714286	0.025	0.0444444444444444	0.04	

MAP:	0.0460176863826807

NDCG:	0	0.05	0.0380093766715934	0.0479090914859699	0.0421158283299217	0.037989503115983	0.0348459065901027	0.0323415290351269	0.0467261635102248	0.0446264616912323	

