precision:	0	0.1	0.0666666666666667	0.05	0.06	0.05	0.0571428571428571	0.0625	0.0555555555555556	0.05	

MAP:	0.0506513940482294

NDCG:	0	0.1	0.0760187533431869	0.0638787886479598	0.0721088132009547	0.0681731886979085	0.0734497837052896	0.077653435794351	0.0747421048636586	0.0722899375354212	

