precision:	0.3	0.25	0.166666666666667	0.125	0.1	0.0833333333333333	0.0714285714285714	0.0875	0.0777777777777778	0.08	

MAP:	0.16443067196011

NDCG:	0.3	0.3	0.252037506686374	0.22775757729592	0.216171050983823	0.207918400555946	0.201631207504185	0.210996465298735	0.205961660048187	0.211335640108076	

