precision:	0.3	0.15	0.1	0.075	0.06	0.0666666666666667	0.0571428571428571	0.05	0.0444444444444444	0.04	

MAP:	0.0741672373099121

NDCG:	0.3	0.15	0.11402813001478	0.0958181829719397	0.0880938320972088	0.101934705507018	0.0977432434725106	0.0944040733992095	0.0916578159898202	0.0893446874398368	

