precision:	0.1	0.1	0.0666666666666667	0.05	0.06	0.0666666666666667	0.0571428571428571	0.05	0.0444444444444444	0.04	

MAP:	0.0552409738165151

NDCG:	0.1	0.1	0.0760187533431869	0.0638787886479598	0.0682466377635893	0.0739159741401866	0.0688219298845212	0.0647637086742246	0.0614260769205056	0.0586148432493782	

