precision:	0.3	0.25	0.166666666666667	0.15	0.16	0.133333333333333	0.114285714285714	0.1125	0.1	0.09	

MAP:	0.0802159889355027

NDCG:	0.3	0.25	0.190046883357967	0.175666668781889	0.182471279294466	0.167722821598475	0.156486867578518	0.158182097414259	0.150820269554474	0.145776084349715	

