precision:	0.2	0.1	0.0666666666666667	0.1	0.08	0.0833333333333333	0.0714285714285714	0.0625	0.0666666666666667	0.06	

MAP:	0.0797555456891506

NDCG:	0.2	0.1	0.0760187533431869	0.0958181829719397	0.0880938320972088	0.0923896290958661	0.0873874276341261	0.0834023739024799	0.0864934882361	0.0833680841430839	

