precision:	0	0.05	0.0666666666666667	0.1	0.08	0.0666666666666667	0.0571428571428571	0.05	0.0444444444444444	0.04	

MAP:	0.0640053932647667

NDCG:	0	0.05	0.0619906233284066	0.0840303028380101	0.0758002782850151	0.0699383388374858	0.0654724832573377	0.0619147148266213	0.0589886740143045	0.0565241167888069	

