precision:	0.2	0.15	0.1	0.075	0.06	0.05	0.0428571428571429	0.0625	0.0555555555555556	0.07	

MAP:	0.0651629853368078

NDCG:	0.2	0.15	0.11402813001478	0.0958181829719397	0.0842316566598433	0.0759790062319659	0.0696918131802055	0.0825165292971642	0.0779394336148486	0.0858903800970976	

