precision:	0.2	0.15	0.1	0.125	0.1	0.0833333333333333	0.0714285714285714	0.0625	0.0555555555555556	0.06	

MAP:	0.0454371929231816

NDCG:	0.2	0.15	0.11402813001478	0.12775757729592	0.112308875546458	0.101305341642621	0.0929224175736073	0.086244077427005	0.0807515626082264	0.0874748676556051	

