precision:	0	0.1	0.1	0.075	0.06	0.0666666666666667	0.0571428571428571	0.05	0.0444444444444444	0.04	

MAP:	0.0625542340511637

NDCG:	0	0.1	0.1	0.0840303028380101	0.0763059519632791	0.0831600293669635	0.0789685673324565	0.0756293972591554	0.072883139849766	0.0705700112997827	

