precision:	0.2	0.1	0.0666666666666667	0.05	0.06	0.05	0.0428571428571429	0.0375	0.0333333333333333	0.03	

MAP:	0.0773566153285878

NDCG:	0.2	0.1	0.0760187533431869	0.0638787886479598	0.0721088132009547	0.0681731886979085	0.0651748754594967	0.0627862392858506	0.0608217362368263	0.0591670668406905	

