precision:	0.1	0.05	0.0333333333333333	0.025	0.04	0.0333333333333333	0.0285714285714286	0.0375	0.0333333333333333	0.04	

MAP:	0.0481773092865167

NDCG:	0.1	0.05	0.0380093766715934	0.0319393943239799	0.0440315943143403	0.0428468532872532	0.0419442710660948	0.0484122263813498	0.0473631424687885	0.0522085160194149	

