precision:	0.1	0.1	0.0666666666666667	0.05	0.04	0.0666666666666667	0.0714285714285714	0.075	0.0666666666666667	0.06	

MAP:	0.0508276086850687

NDCG:	0.1	0.1	0.0760187533431869	0.0638787886479598	0.0561544377732289	0.0728060791274888	0.0760787859115417	0.0786860204426031	0.0744617364574402	0.0713156663459319	

