precision:	0.2	0.1	0.0666666666666667	0.075	0.06	0.05	0.0714285714285714	0.0625	0.0666666666666667	0.07	

MAP:	0.0858124524299684

NDCG:	0.2	0.1	0.0760187533431869	0.0798484858099498	0.0759863103725843	0.0732354268966252	0.0876895123709575	0.0848304909552211	0.0888476960607681	0.0925961788683353	

