precision:	0.1	0.1	0.1	0.1	0.1	0.0833333333333333	0.0857142857142857	0.075	0.0888888888888889	0.09	

MAP:	0.050548897071993

NDCG:	0.1	0.1	0.1	0.1	0.103594436142723	0.0963570549572139	0.0991182421142321	0.0941309629756475	0.102766380371776	0.104310853785436	

