precision:	0.1	0.05	0.0666666666666667	0.05	0.04	0.0666666666666667	0.0857142857142857	0.0875	0.0777777777777778	0.07	

MAP:	0.0472338441832132

NDCG:	0.1	0.05	0.0619906233284066	0.0520909085140301	0.045791971679718	0.0609006018713193	0.0724109494369178	0.0743937762810012	0.069655956237716	0.0656653664374528	

