precision:	0	0.1	0.1	0.1	0.1	0.0833333333333333	0.0857142857142857	0.0875	0.0888888888888889	0.09	

MAP:	0.0490621241989512

NDCG:	0	0.1	0.1	0.1	0.1	0.0902024360494244	0.0910131754766574	0.0916590591350025	0.0921902578291079	0.0929858385043215	

