precision:	0.1	0.1	0.0666666666666667	0.1	0.08	0.0666666666666667	0.0714285714285714	0.0625	0.0555555555555556	0.06	

MAP:	0.0538485900796834

NDCG:	0.1	0.1	0.0760187533431869	0.0958181829719397	0.0861627443785261	0.0792855356886282	0.0823211163912874	0.0775524356101181	0.0736304955349449	0.0760561084371289	

