precision:	0.1	0.05	0.0333333333333333	0.05	0.04	0.05	0.0428571428571429	0.075	0.0777777777777778	0.07	

MAP:	0.0607255471580679

NDCG:	0.1	0.05	0.0380093766715934	0.0479090914859699	0.0421158283299217	0.0477870670665585	0.0438327311134453	0.0622434892568757	0.0683552258960587	0.065401916497049	

