precision:	0	0	0	0.025	0.06	0.05	0.0428571428571429	0.05	0.0444444444444444	0.04	

MAP:	0.0536102440819514

NDCG:	0	0	0	0.01596969716199	0.0398863578480681	0.0373261750830015	0.0353757273532164	0.041008890150146	0.0392732418852375	0.0383094383227444	

