precision:	0	0	0.0333333333333333	0.025	0.02	0.0166666666666667	0.0142857142857143	0.0125	0.0222222222222222	0.02	

MAP:	0.0521180048529244

NDCG:	0	0	0.0239812466568131	0.0201515141900502	0.0201515141900502	0.0201515141900502	0.0201515141900502	0.0201515141900502	0.026520084627165	0.02615522922066	

