precision:	0	0	0	0	0.04	0.0333333333333333	0.0285714285714286	0.025	0.0222222222222222	0.02	

MAP:	0.0561033486172069

NDCG:	0	0	0	0	0.0258477484047609	0.0246630073776739	0.0237604251565155	0.02304137401952	0.0224499996751903	0.0224499996751903	

