precision:	0	0	0.0333333333333333	0.075	0.06	0.05	0.0571428571428571	0.0625	0.0555555555555556	0.05	

MAP:	0.0505824893685547

NDCG:	0	0	0.0239812466568131	0.0520909085140302	0.045791971679718	0.0413054739701681	0.0461623921444398	0.0534911628171657	0.0507625680437596	0.0484643164486535	

