precision:	0	0	0	0	0	0	0.0142857142857143	0.025	0.0222222222222222	0.02	

MAP:	0.0276266121545525

NDCG:	0	0	0	0	0	0	0.00827490824579292	0.01832665483091	0.0178375365174734	0.017425560010369	

