precision:	0	0.05	0.0333333333333333	0.025	0.04	0.0333333333333333	0.0285714285714286	0.025	0.0222222222222222	0.03	

MAP:	0.0549353059698204

NDCG:	0	0.05	0.0380093766715934	0.0319393943239799	0.041832767301015	0.0390818838250558	0.0369861528078024	0.0353165677711518	0.0339434390664571	0.0385158748882331	

