precision:	0.1	0.1	0.1	0.1	0.08	0.0666666666666667	0.0571428571428571	0.05	0.0555555555555556	0.05	

MAP:	0.0417761883570208

NDCG:	0.1	0.1	0.1	0.1	0.0879078000096396	0.0792949770861511	0.0727333904887496	0.0675060370213827	0.0695754379414859	0.0673243074469792	

