precision:	0	0	0	0	0	0.0166666666666667	0.0142857142857143	0.0125	0.0111111111111111	0.03	

MAP:	0.0290651100997343

NDCG:	0	0	0	0	0	0.0193426403617271	0.0193426403617271	0.0193426403617271	0.0193426403617271	0.0308006405552624	

