precision:	0	0.1	0.0666666666666667	0.05	0.04	0.0666666666666667	0.0571428571428571	0.05	0.0444444444444444	0.04	

MAP:	0.041788357334397

NDCG:	0	0.1	0.0760187533431869	0.0638787886479598	0.0561544377732289	0.0797928751336133	0.0747906736718733	0.0708056199402271	0.0675281638367323	0.0663715995617407	

