precision:	0	0	0.0333333333333333	0.05	0.06	0.05	0.0428571428571429	0.0375	0.0333333333333333	0.03	

MAP:	0.0174213320506696

NDCG:	0	0	0.0239812466568131	0.0361212113520402	0.0438455622267711	0.0395497652281138	0.0362770584440609	0.0347232147887401	0.0334452760920631	0.0323688888334232	

