precision:	0.1	0.1	0.2	0.175	0.14	0.133333333333333	0.128571428571429	0.125	0.111111111111111	0.1	

MAP:	0.124388340175494

NDCG:	0.1	0.1	0.179508980992199	0.171849516058673	0.15488379327442	0.163877996479067	0.164269059073191	0.193449905786265	0.190034746660512	0.18715821292791	

