precision:	0.2	0.1	0.0666666666666667	0.075	0.06	0.05	0.0428571428571429	0.0375	0.0333333333333333	0.03	

MAP:	0.093927218253135

NDCG:	0.2	0.1	0.0880093766715934	0.103979073833583	0.102047986114901	0.102047986114901	0.102047986114901	0.102047986114901	0.102047986114901	0.102047986114901	

