precision:	0.2	0.25	0.233333333333333	0.2	0.16	0.15	0.142857142857143	0.125	0.111111111111111	0.1	

MAP:	0.275263974200642

NDCG:	0.2	0.3	0.323981246656813	0.32015151419005	0.305622552802743	0.305071679596239	0.30465200276313	0.298800241608785	0.293987536033651	0.289933871351512	

