precision:	0	0.1	0.0666666666666667	0.075	0.08	0.0833333333333333	0.0714285714285714	0.0625	0.0555555555555556	0.05	

MAP:	0.0564550992161364

NDCG:	0	0.1	0.0760187533431869	0.0798484858099498	0.0822852472068965	0.0840208614404872	0.0770682122489621	0.0715293148619951	0.0669739200618233	0.0631369841166724	

