precision:	0.2	0.1	0.1	0.1	0.08	0.0833333333333333	0.0714285714285714	0.0625	0.0555555555555556	0.05	

MAP:	0.0449035054178221

NDCG:	0.2	0.1	0.1	0.1	0.0879078000096396	0.0890925410367267	0.0817202150120921	0.0758469778863802	0.0710166096752632	0.0669480680382462	

