precision:	0	0.15	0.1	0.075	0.08	0.1	0.1	0.0875	0.0777777777777778	0.07	

MAP:	0.0535439288937021

NDCG:	0	0.15	0.11402813001478	0.0958181829719397	0.0963238566502037	0.10648159309639	0.105945247214798	0.0983309554616182	0.0920686793015571	0.0867940645752782	

