precision:	0.2	0.1	0.1	0.075	0.06	0.0666666666666667	0.0571428571428571	0.0625	0.0666666666666667	0.07	

MAP:	0.082233345433841

NDCG:	0.2	0.1	0.1	0.0840303028380101	0.0777313660036979	0.0830424322447236	0.0788137027459693	0.0826318496274836	0.0857720353422918	0.0884169633830278	

