precision:	0	0.05	0.0333333333333333	0.025	0.04	0.0333333333333333	0.0428571428571429	0.05	0.0555555555555556	0.06	

MAP:	0.0527211817716923

NDCG:	0	0.05	0.0380093766715934	0.0319393943239799	0.041832767301015	0.0390818838250558	0.0452610610535953	0.0501837642796522	0.0542323781304042	0.0576424606135735	

