precision:	0	0.05	0.0333333333333333	0.025	0.02	0.0333333333333333	0.0428571428571429	0.0375	0.0333333333333333	0.04	

MAP:	0.0506333419590086

NDCG:	0	0.05	0.0380093766715934	0.0319393943239799	0.0280772188866144	0.0351238993612309	0.0404923371625373	0.0375821502779988	0.0351887045657621	0.0427874593819961	

