precision:	0	0	0.0666666666666667	0.1	0.1	0.0833333333333333	0.0714285714285714	0.0625	0.0555555555555556	0.05	

MAP:	0.0396457425016651

NDCG:	0	0	0.0479624933136263	0.0722424227040804	0.0755989244631819	0.0681920714929543	0.0625492401460068	0.0580538222208797	0.0543566236613056	0.0512425326391497	

