precision:	0.1	0.05	0.1	0.075	0.06	0.0666666666666667	0.0714285714285714	0.0875	0.0888888888888889	0.08	

MAP:	0.0661457094437466

NDCG:	0.1	0.05	0.0859718699852197	0.0722424227040804	0.0659434858697682	0.071254552110794	0.0753007308578326	0.0857111660020543	0.0879045238351945	0.0840229538470611	

