precision:	0	0	0.0333333333333333	0.075	0.06	0.05	0.0428571428571429	0.05	0.0555555555555556	0.06	

MAP:	0.0546042457212852

NDCG:	0	0	0.0239812466568131	0.0520909085140301	0.045791971679718	0.0413054739701681	0.0378874838986468	0.0423515144385062	0.0460228988474199	0.0491152470246836	

