precision:	0.2	0.15	0.1	0.075	0.06	0.0666666666666667	0.0571428571428571	0.05	0.0555555555555556	0.06	

MAP:	0.0458093403732378

NDCG:	0.2	0.15	0.11402813001478	0.0958181829719397	0.0842316566598433	0.0857765701825415	0.078678637703548	0.0730239989352513	0.0841466579663483	0.0898442607397034	

