precision:	0	0	0	0.025	0.02	0.0166666666666667	0.0285714285714286	0.0375	0.0333333333333333	0.03	

MAP:	0.0320699064115814

NDCG:	0	0	0	0.01596969716199	0.0140386094433072	0.0126631677053277	0.0229923440067797	0.0293445579407049	0.028200284020126	0.0272364804576329	

