precision:	0	0.05	0.0333333333333333	0.05	0.04	0.0666666666666667	0.0714285714285714	0.075	0.0666666666666667	0.06	

MAP:	0.0557232633833598

NDCG:	0	0.05	0.0380093766715934	0.0479090914859699	0.0440469160486044	0.0608911604737964	0.0654488588478698	0.0690797947572366	0.0656974407826629	0.0628485383025142	

