precision:	0	0.05	0.1	0.1	0.08	0.0833333333333333	0.0857142857142857	0.0875	0.0777777777777778	0.07	

MAP:	0.0382078354115213

NDCG:	0	0.05	0.0859718699852197	0.0882121198660703	0.0775453339161287	0.0797453441855842	0.0814213983697283	0.0827566436676338	0.0774862285242684	0.0730470424171315	

