precision:	0.3	0.2	0.166666666666667	0.175	0.14	0.116666666666667	0.114285714285714	0.1	0.0888888888888889	0.09	

MAP:	0.0733025941056598

NDCG:	0.3	0.2	0.176018753343187	0.17984848580995	0.161963022663541	0.149223874526114	0.147793599648625	0.139467150436739	0.132619169549249	0.133658096577632	

