precision:	0.1	0.2	0.133333333333333	0.175	0.14	0.116666666666667	0.1	0.0875	0.0888888888888889	0.09	

MAP:	0.0826092318854563

NDCG:	0.1	0.2	0.152037506686374	0.175666668781889	0.158286879313745	0.145907903671929	0.136477114094288	0.128963981429361	0.129153472695349	0.12931307814815	

