precision:	0	0	0.0333333333333333	0.05	0.06	0.05	0.0571428571428571	0.0625	0.0555555555555556	0.05	

MAP:	0.0460454810211612

NDCG:	0	0	0.0239812466568131	0.0361212113520402	0.0438455622267711	0.0395497652281138	0.0445519666898538	0.0485370204215	0.0454459060878799	0.0428423100841284	

