precision:	0.3	0.15	0.1	0.1	0.1	0.116666666666667	0.1	0.0875	0.0888888888888889	0.08	

MAP:	0.0677979358476506

NDCG:	0.3	0.15	0.11402813001478	0.11178788013393	0.114224641530876	0.125757819715043	0.117994431096285	0.111809650050973	0.11309162699381	0.108442415505626	

