precision:	0.2	0.15	0.133333333333333	0.1	0.1	0.0833333333333333	0.0857142857142857	0.0875	0.0777777777777778	0.08	

MAP:	0.0610907289707801

NDCG:	0.2	0.15	0.138009376671593	0.11596969716199	0.114038609443307	0.102865603754752	0.102628477673358	0.102439568813378	0.0959156327180214	0.0961496261235583	

