precision:	0.3	0.15	0.133333333333333	0.1	0.08	0.0833333333333333	0.0857142857142857	0.075	0.0666666666666667	0.07	

MAP:	0.0765300496773713

NDCG:	0.3	0.15	0.138009376671593	0.11596969716199	0.105808584890312	0.108368767655379	0.110319215385164	0.104686052588234	0.100053130416028	0.10187989450617	

