precision:	0.2	0.15	0.166666666666667	0.2	0.16	0.15	0.142857142857143	0.125	0.111111111111111	0.1	

MAP:	0.0878544747312492

NDCG:	0.2	0.15	0.169555864350166	0.195425276326533	0.175608725461441	0.17129169953661	0.171104953287547	0.161892546088534	0.154315920468028	0.147934250281028	

