precision:	0.4	0.25	0.2	0.15	0.14	0.116666666666667	0.1	0.1	0.1	0.09	

MAP:	0.118819623394976

NDCG:	0.4	0.25	0.226018753343187	0.19790909148597	0.192115828329922	0.178191939165407	0.167584173820967	0.166320398113879	0.165281022064379	0.159833136473748	

