precision:	0	0.05	0.0333333333333333	0.05	0.04	0.05	0.0428571428571429	0.0375	0.0333333333333333	0.03	

MAP:	0.0592502262426355

NDCG:	0	0.05	0.0380093766715934	0.0479090914859699	0.0459780037672871	0.0544001259798831	0.0525415210440234	0.0510608448673531	0.0498430818209003	0.0488173795468767	

