precision:	0	0.05	0.0333333333333333	0.05	0.06	0.0666666666666667	0.0571428571428571	0.05	0.0444444444444444	0.04	

MAP:	0.0474067401522354

NDCG:	0	0.05	0.0380093766715934	0.0479090914859699	0.054208028320282	0.0586945260298319	0.0538376078555602	0.0499682955052438	0.0467860294097667	0.0445530778761351	

