precision:	0.2	0.1	0.1	0.075	0.06	0.0666666666666667	0.0571428571428571	0.05	0.0444444444444444	0.05	

MAP:	0.0838851898936743

NDCG:	0.2	0.1	0.1	0.0840303028380101	0.0777313660036979	0.111930149017602	0.108512158946081	0.10578918303369	0.10354970657372	0.107740592121172	

