precision:	0	0.05	0.0333333333333333	0.025	0.06	0.0666666666666667	0.0571428571428571	0.05	0.0444444444444444	0.05	

MAP:	0.0501046535761448

NDCG:	0	0.05	0.0380093766715934	0.0319393943239799	0.0539249672913753	0.0597869067389047	0.0559778540732599	0.0529433342412687	0.050447632498139	0.0545726481833872	

