precision:	0.1	0.15	0.1	0.075	0.06	0.0666666666666667	0.0857142857142857	0.075	0.0666666666666667	0.07	

MAP:	0.0710779918709709

NDCG:	0.1	0.15	0.11402813001478	0.0958181829719397	0.0919560075345743	0.0990026880091907	0.11264603405629	0.109141128982209	0.106258564956535	0.109559627627575	

