precision:	0.1	0.1	0.1	0.075	0.08	0.0666666666666667	0.0571428571428571	0.05	0.0555555555555556	0.05	

MAP:	0.0554386269038189

NDCG:	0.1	0.1	0.1	0.0840303028380101	0.0883981519536395	0.0817116439746342	0.0766175997189688	0.0725593785086722	0.075590317192068	0.0724142281144356	

