precision:	0.2	0.1	0.0666666666666667	0.05	0.06	0.0666666666666667	0.0714285714285714	0.0625	0.0555555555555556	0.05	

MAP:	0.122444004236749

NDCG:	0.2	0.1	0.0880093766715934	0.0819393943239799	0.0940315943143403	0.102644417237829	0.10920600383523	0.107246350850347	0.105634659498475	0.104277157733699	

