precision:	0.1	0.1	0.1	0.075	0.06	0.0666666666666667	0.0714285714285714	0.075	0.0666666666666667	0.06	

MAP:	0.0541867610104186

NDCG:	0.1	0.1	0.1	0.0840303028380101	0.0763059519632791	0.0806017489619364	0.0838744557459894	0.0864816902770507	0.0822574062918878	0.0790848810982723	

