precision:	0.1	0.15	0.1	0.075	0.06	0.0666666666666667	0.0571428571428571	0.0625	0.0555555555555556	0.05	

MAP:	0.0637393558015469

NDCG:	0.1	0.15	0.11402813001478	0.0958181829719397	0.0880938320972088	0.0923896290958661	0.0873874276341261	0.0905893803547304	0.086854214683004	0.0837081445714958	

