precision:	0.3	0.25	0.166666666666667	0.125	0.14	0.133333333333333	0.114285714285714	0.1	0.0888888888888889	0.08	

MAP:	0.0702262745315824

NDCG:	0.3	0.25	0.190046883357967	0.1596969716199	0.168432669851158	0.164857217843723	0.15385838990516	0.145096063826221	0.137889601624678	0.131819714145895	

