precision:	0.3	0.2	0.2	0.175	0.14	0.116666666666667	0.114285714285714	0.1125	0.1	0.09	

MAP:	0.0963308588815664

NDCG:	0.3	0.2	0.2	0.18403030283801	0.165639166013337	0.152539845380299	0.150835176957169	0.149477135840119	0.141991661981469	0.135686767460877	

