precision:	0.3	0.15	0.1	0.075	0.08	0.0833333333333333	0.0857142857142857	0.075	0.0666666666666667	0.07	

MAP:	0.131735946542842

NDCG:	0.3	0.15	0.126018753343187	0.11387878864796	0.122108813200955	0.127970752648484	0.132436608228632	0.128807370207098	0.125822550150532	0.129449460714636	

