precision:	0.1	0.1	0.0666666666666667	0.05	0.06	0.0666666666666667	0.0571428571428571	0.05	0.0444444444444444	0.04	

MAP:	0.0483634322116447

NDCG:	0.1	0.1	0.0760187533431869	0.0638787886479598	0.0682466377635893	0.0713576937351595	0.0654529100522611	0.0607488051836195	0.056879974735795	0.0540687410646676	

