precision:	0.1	0.1	0.0666666666666667	0.075	0.06	0.0833333333333333	0.1	0.0875	0.0777777777777778	0.08	

MAP:	0.0416541552590974

NDCG:	0.1	0.1	0.0760187533431869	0.0798484858099498	0.0701930472165361	0.0829109664277894	0.102135427631384	0.0960749795335243	0.0910906420701401	0.0926214146992688	

