precision:	0	0.05	0.0666666666666667	0.05	0.08	0.0666666666666667	0.0571428571428571	0.0625	0.0555555555555556	0.05	

MAP:	0.0525665592301199

NDCG:	0	0.05	0.0619906233284066	0.0520909085140302	0.0724131330573854	0.0672927675272522	0.0633918720676819	0.0674711912092908	0.0644576042477052	0.0619193083054282	

