precision:	0.2	0.1	0.1	0.1	0.1	0.1	0.0857142857142857	0.075	0.0777777777777778	0.07	

MAP:	0.0552080096845432

NDCG:	0.2	0.1	0.1	0.1	0.101931087718683	0.103306529456662	0.0960794867194961	0.0903219909751139	0.0956625698670397	0.0916742052463745	

