precision:	0.2	0.2	0.133333333333333	0.125	0.12	0.1	0.1	0.0875	0.0888888888888889	0.09	

MAP:	0.0623095779813811

NDCG:	0.2	0.2	0.152037506686374	0.14372727445791	0.138439684980125	0.124875968311222	0.122817504758216	0.11399060276675	0.113099601374973	0.112349125199524	

