precision:	0.2	0.15	0.1	0.15	0.16	0.133333333333333	0.128571428571429	0.1125	0.1	0.09	

MAP:	0.0740582128490204

NDCG:	0.2	0.15	0.11402813001478	0.14372727445791	0.154394060407851	0.14239648618782	0.141531171430909	0.133654803339098	0.127176985870571	0.122299106296203	

