precision:	0.1	0.1	0.1	0.1	0.08	0.0833333333333333	0.0714285714285714	0.0625	0.0555555555555556	0.07	

MAP:	0.0621665436676085

NDCG:	0.1	0.1	0.1	0.1	0.0917699754470051	0.0957055999500513	0.0904290049426702	0.0862253528536088	0.0827681133471865	0.0913141361786965	

