precision:	0.1	0.1	0.1	0.075	0.08	0.0833333333333333	0.0714285714285714	0.0625	0.0666666666666667	0.06	

MAP:	0.0341131279815468

NDCG:	0.1	0.1	0.1	0.0840303028380101	0.0859613905566928	0.0873368322946723	0.0801097895575062	0.074352293813124	0.0759856860471394	0.0716324660199692	

