precision:	0.2	0.1	0.133333333333333	0.1	0.1	0.1	0.0857142857142857	0.0875	0.0888888888888889	0.08	

MAP:	0.0687307528896117

NDCG:	0.2	0.1	0.123981246656813	0.10418181702806	0.106112904746743	0.107488346484723	0.100261303747556	0.101690814455425	0.102866497121209	0.0981277556690411	

