precision:	0	0	0.0333333333333333	0.05	0.06	0.05	0.0571428571428571	0.05	0.0555555555555556	0.06	

MAP:	0.0316373938617278

NDCG:	0	0	0.0239812466568131	0.0361212113520402	0.0438455622267711	0.0395497652281138	0.0445519666898538	0.0413500139692495	0.0450851796409759	0.0482312497524842	

