precision:	0	0.1	0.0666666666666667	0.05	0.06	0.0833333333333333	0.0714285714285714	0.0625	0.0666666666666667	0.06	

MAP:	0.0583017110645361

NDCG:	0	0.1	0.0760187533431869	0.0638787886479598	0.0699099861876294	0.0840033471368623	0.0781904062478893	0.0735594688578981	0.0761193844974127	0.0729939804043966	

