precision:	0	0.05	0.0333333333333333	0.025	0.08	0.0833333333333333	0.0714285714285714	0.0625	0.0666666666666667	0.06	

MAP:	0.0480639780329658

NDCG:	0	0.05	0.0380093766715934	0.0319393943239799	0.0660171672817357	0.0706943657021781	0.0659827308153748	0.0622291598463882	0.0655106541960435	0.0630437092568751	

