precision:	0	0.1	0.1	0.075	0.08	0.0833333333333333	0.0714285714285714	0.0625	0.0555555555555556	0.05	

MAP:	0.0534606631451904

NDCG:	0	0.1	0.1	0.0840303028380101	0.0859613905566928	0.0873368322946723	0.0801097895575062	0.074352293813124	0.0696171156100246	0.0660761711258872	

