precision:	0.1	0.1	0.1	0.1	0.1	0.0833333333333333	0.0714285714285714	0.075	0.0666666666666667	0.06	

MAP:	0.0760328215440491

NDCG:	0.1	0.1	0.1	0.10903030283801	0.114823565994058	0.109152327257421	0.104831754964742	0.108576734367606	0.105288173995075	0.102518272360932	

