precision:	0	0.1	0.0666666666666667	0.05	0.04	0.05	0.0714285714285714	0.0625	0.0555555555555556	0.05	

MAP:	0.0287210372124642

NDCG:	0	0.1	0.0760187533431869	0.0638787886479598	0.0561544377732289	0.0604502347718862	0.071997849801732	0.066823359691	0.0625676669606321	0.0589831652599122	

