precision:	0.1	0.05	0.0666666666666667	0.05	0.06	0.05	0.0428571428571429	0.05	0.0444444444444444	0.04	

MAP:	0.0320551451725701

NDCG:	0.1	0.05	0.0619906233284066	0.0520909085140302	0.0578841716700783	0.0522129329334415	0.0478923606407618	0.0516373400436256	0.0483487796710948	0.0455788780369518	

