precision:	0	0.05	0.0666666666666667	0.05	0.06	0.0666666666666667	0.0857142857142857	0.075	0.0666666666666667	0.06	

MAP:	0.0480787971835303

NDCG:	0	0.05	0.0619906233284066	0.0520909085140302	0.0595475200941185	0.0648585863351443	0.0771796733279758	0.0726213773781538	0.0688724655972056	0.0661267938655718	

