precision:	0.5	0.35	0.266666666666667	0.275	0.24	0.2	0.185714285714286	0.1875	0.2	0.19	

MAP:	0.158759839577752

NDCG:	0.5	0.35	0.302037506686374	0.3096969716199	0.290386094433072	0.266834113102701	0.257166197443666	0.282797489252092	0.289200185296954	0.284291637520505	

