precision:	0	0	0.0666666666666667	0.05	0.04	0.0333333333333333	0.0285714285714286	0.0625	0.0555555555555556	0.07	

MAP:	0.0489627972794981

NDCG:	0	0	0.0479624933136263	0.0403030283801005	0.0378662669831538	0.0361306527495631	0.0348083936952953	0.055316022176306	0.0530765457163364	0.0629964313605559	

