precision:	0.2	0.1	0.0666666666666667	0.05	0.06	0.0666666666666667	0.0571428571428571	0.05	0.0444444444444444	0.04	

MAP:	0.0770518332186933

NDCG:	0.2	0.1	0.0760187533431869	0.0638787886479598	0.0721088132009547	0.0779707526484841	0.0741616999828392	0.0711271801508481	0.0686314784077183	0.0665293888750549	

