precision:	0.2	0.15	0.1	0.125	0.1	0.0833333333333333	0.0857142857142857	0.0875	0.0777777777777778	0.07	

MAP:	0.0571680204070376

NDCG:	0.2	0.15	0.11402813001478	0.12775757729592	0.112308875546458	0.101305341642621	0.1011973258194	0.127257600816588	0.121275967684373	0.116237734077302	

