precision:	0	0.1	0.0666666666666667	0.05	0.06	0.0666666666666667	0.0714285714285714	0.0625	0.0666666666666667	0.06	

MAP:	0.0580371607999858

NDCG:	0	0.1	0.0760187533431869	0.0638787886479598	0.0699099861876294	0.0742057831862867	0.0774784899703397	0.0728987180491506	0.075500714069334	0.0723753099763179	

