precision:	0.1	0.1	0.133333333333333	0.15	0.12	0.116666666666667	0.1	0.0875	0.0777777777777778	0.07	

MAP:	0.059223428862626

NDCG:	0.1	0.1	0.131546487678573	0.147516184840563	0.13349289713152	0.133302196420627	0.124882004887366	0.118173975243329	0.112657042679864	0.108010218905352	

