precision:	0.6	0.3	0.2	0.175	0.16	0.133333333333333	0.114285714285714	0.1125	0.1	0.11	

MAP:	0.135328971148937

NDCG:	0.6	0.3	0.240046883357967	0.225666668781889	0.220379079304105	0.206815362635202	0.196481990836403	0.19543681348673	0.188208650403043	0.194735049087966	

