precision:	0	0.05	0.0666666666666667	0.05	0.04	0.0666666666666667	0.0571428571428571	0.05	0.0444444444444444	0.04	

MAP:	0.0649384150012139

NDCG:	0	0.05	0.0695558643501663	0.0634858820025528	0.0596237065651873	0.0764679509903794	0.0727507411186598	0.0697893887653192	0.0673538626724136	0.0657498782608942	

