precision:	0	0.05	0.0333333333333333	0.025	0.06	0.0666666666666667	0.0714285714285714	0.0625	0.0666666666666667	0.06	

MAP:	0.0472504934258583

NDCG:	0	0.05	0.0380093766715934	0.0319393943239799	0.0539249672913753	0.0597869067389047	0.0642527623190528	0.0606235242975187	0.0640072746780672	0.0615403297388987	

