precision:	0.1	0.1	0.1	0.075	0.08	0.0833333333333333	0.0714285714285714	0.0625	0.0555555555555556	0.06	

MAP:	0.0499666024285991

NDCG:	0.1	0.1	0.1	0.0840303028380101	0.0883981519536395	0.0915092079252098	0.0856044242423114	0.0809003193736697	0.0770314889258453	0.0795018352149578	

