precision:	0.1	0.1	0.1	0.075	0.08	0.1	0.0857142857142857	0.075	0.0777777777777778	0.07	

MAP:	0.0469930705492154

NDCG:	0.1	0.1	0.1	0.0840303028380101	0.0859613905566928	0.0971343962452479	0.0890966140808487	0.0826932346781215	0.0837954282180315	0.0789947880543336	

