precision:	0.3	0.15	0.1	0.075	0.08	0.0833333333333333	0.0714285714285714	0.075	0.0888888888888889	0.09	

MAP:	0.0732504892838153

NDCG:	0.3	0.15	0.11402813001478	0.0958181829719397	0.100186032087569	0.103297088059139	0.0973923043762411	0.0998752059598498	0.108285806818023	0.110026442294126	

