precision:	0.2	0.15	0.133333333333333	0.125	0.1	0.0833333333333333	0.1	0.0875	0.0777777777777778	0.08	

MAP:	0.0738692278143357

NDCG:	0.2	0.15	0.138009376671593	0.13193939432398	0.123709369770985	0.117847430323456	0.129931391234893	0.125184186425091	0.121279908985901	0.124298680980458	

