precision:	0.2	0.2	0.133333333333333	0.125	0.1	0.0833333333333333	0.0714285714285714	0.075	0.0777777777777778	0.09	

MAP:	0.0935656277136732

NDCG:	0.2	0.2	0.16402813001478	0.16178788013393	0.152132441540516	0.145255232850618	0.140015905307484	0.143028949168108	0.145506988275255	0.153323200949809	

