precision:	0.1	0.05	0.0333333333333333	0.025	0.02	0.0166666666666667	0.0285714285714286	0.0375	0.0333333333333333	0.03	

MAP:	0.0542605726758491

NDCG:	0.1	0.05	0.0380093766715934	0.0319393943239799	0.0319393943239799	0.0319393943239799	0.0433164361340587	0.0505034425863091	0.0500457330180776	0.0496602115930804	

