precision:	0.3	0.15	0.1	0.1	0.08	0.0666666666666667	0.0714285714285714	0.0625	0.0555555555555556	0.05	

MAP:	0.0754802898443595

NDCG:	0.3	0.15	0.11402813001478	0.11178788013393	0.102132441540516	0.0952552328506182	0.0982908135532774	0.093522132772108	0.0896001926969348	0.0862968055023512	

