precision:	0	0	0	0.025	0.02	0.0333333333333333	0.0285714285714286	0.025	0.0222222222222222	0.03	

MAP:	0.0525264191181125

NDCG:	0	0	0	0.01596969716199	0.01596969716199	0.0257672611125655	0.0249565216853325	0.0243106380269875	0.023779439332882	0.029061019293122	

