precision:	0	0	0.0333333333333333	0.05	0.04	0.05	0.0571428571428571	0.0625	0.0555555555555556	0.06	

MAP:	0.0568339283582693

NDCG:	0	0	0.0239812466568131	0.0361212113520402	0.0336844499550935	0.0417463996720784	0.0478883094363705	0.0527813231649924	0.0504369488339439	0.0541913200490722	

