precision:	0.2	0.2	0.233333333333333	0.175	0.2	0.183333333333333	0.171428571428571	0.15	0.166666666666667	0.16	

MAP:	0.0774679260704912

NDCG:	0.2	0.2	0.223981246656813	0.18821211986607	0.205829843717836	0.19878316324322	0.193414725441913	0.181950899421951	0.191628334707766	0.188321482973111	

