precision:	0	0.1	0.0666666666666667	0.075	0.08	0.0833333333333333	0.0857142857142857	0.0875	0.0777777777777778	0.07	

MAP:	0.0509141474819207

NDCG:	0	0.1	0.0760187533431869	0.0798484858099498	0.0839485956309367	0.0868689508916144	0.0890937921670406	0.0908662341797766	0.0859553858422664	0.0822310335932623	

