precision:	0	0.05	0.0666666666666667	0.1	0.08	0.0833333333333333	0.114285714285714	0.1	0.1	0.1	

MAP:	0.0923033445529618

NDCG:	0	0.05	0.0619906233284066	0.0840303028380101	0.0763059519632791	0.0806017489619364	0.107414976055324	0.102835204134135	0.105437200154318	0.107628819650966	

