precision:	0.1	0.1	0.0666666666666667	0.075	0.06	0.0666666666666667	0.0714285714285714	0.0875	0.1	0.1	

MAP:	0.115079518932574

NDCG:	0.1	0.1	0.0760187533431869	0.0859184681575633	0.0801252050015151	0.0885473272141111	0.100227935426169	0.113956064672325	0.125246587715986	0.129027414013221	

