precision:	0.1	0.15	0.133333333333333	0.1	0.08	0.1	0.128571428571429	0.1125	0.1	0.09	

MAP:	0.123421796370303

NDCG:	0.1	0.15	0.15	0.140100285185624	0.133801348351311	0.158302946368528	0.193578781703906	0.192338179856018	0.191317862848476	0.190458466204844	

