precision:	0.1	0.1	0.1	0.075	0.06	0.0833333333333333	0.0714285714285714	0.0625	0.0666666666666667	0.06	

MAP:	0.0476471873309011

NDCG:	0.1	0.1	0.1	0.0840303028380101	0.0738691905663324	0.0862269372819746	0.0790917373387338	0.0740532927313471	0.081900112200984	0.0784098527014629	

