precision:	0.2	0.2	0.133333333333333	0.1	0.08	0.0666666666666667	0.0714285714285714	0.075	0.0777777777777778	0.09	

MAP:	0.101530909538138

NDCG:	0.2	0.2	0.152037506686374	0.133827559643533	0.122241033331437	0.116739266379519	0.126087017492929	0.131604438908529	0.136142171072718	0.151406192557632	

