precision:	0	0.15	0.133333333333333	0.125	0.12	0.1	0.1	0.0875	0.0777777777777778	0.08	

MAP:	0.102375817199519

NDCG:	0	0.15	0.138009376671593	0.138009376671593	0.138009376671593	0.129396553748105	0.136374180298621	0.131146826831254	0.126847657314242	0.132841251548611	

