precision:	0.1	0.1	0.0666666666666667	0.05	0.04	0.05	0.0428571428571429	0.0375	0.0444444444444444	0.05	

MAP:	0.0520061871689182

NDCG:	0.1	0.1	0.0760187533431869	0.0638787886479598	0.0561544377732289	0.0604502347718862	0.0554480333101462	0.0521088632368451	0.0566910455800783	0.0844809165964931	

