precision:	0.1	0.05	0.0333333333333333	0.075	0.08	0.0833333333333333	0.0857142857142857	0.075	0.0777777777777778	0.07	

MAP:	0.0966117216347321

NDCG:	0.1	0.05	0.05	0.0819393943239799	0.0901694188769748	0.0960313583245042	0.100497213904652	0.0974626940726611	0.102295432082154	0.10019334254949	

