precision:	0.2	0.15	0.133333333333333	0.125	0.1	0.1	0.114285714285714	0.1125	0.122222222222222	0.11	

MAP:	0.13796485822667

NDCG:	0.2	0.15	0.15	0.15	0.13790780000964	0.139092541036727	0.148270031503678	0.148989082640674	0.156908896737626	0.151678001762002	

