precision:	0.1	0.1	0.133333333333333	0.1	0.1	0.0833333333333333	0.0857142857142857	0.0875	0.0888888888888889	0.08	

MAP:	0.0981585815216479

NDCG:	0.1	0.1	0.131546487678573	0.115576790516583	0.126949506148575	0.119712124963066	0.122473312120084	0.12467303943375	0.126482176824532	0.122276984122932	

