precision:	0.1	0.1	0.0666666666666667	0.05	0.04	0.0333333333333333	0.0428571428571429	0.0375	0.0444444444444444	0.05	

MAP:	0.0381165127490698

NDCG:	0.1	0.1	0.0760187533431869	0.0638787886479598	0.0561544377732289	0.0506526708213106	0.0547361170325966	0.0508022287697525	0.0539354234840414	0.0565744631172163	

