precision:	0	0.05	0.0333333333333333	0.025	0.02	0.0333333333333333	0.0285714285714286	0.025	0.0222222222222222	0.02	

MAP:	0.0438881129917469

NDCG:	0	0.05	0.0380093766715934	0.0319393943239799	0.0280772188866144	0.0376821797662579	0.0355864487490044	0.0339168637123539	0.0325437350076592	0.0313871707326675	

