precision:	0	0	0.0333333333333333	0.025	0.04	0.0333333333333333	0.0428571428571429	0.0375	0.0555555555555556	0.05	

MAP:	0.0341125196714075

NDCG:	0	0	0.0239812466568131	0.0201515141900502	0.0298069527834639	0.0268865975227861	0.0329366644931529	0.0305695042908739	0.0413598047520624	0.0397200123108039	

