precision:	0.2	0.15	0.1	0.075	0.06	0.0833333333333333	0.0857142857142857	0.075	0.0666666666666667	0.08	

MAP:	0.05358686740075

NDCG:	0.2	0.15	0.11402813001478	0.0958181829719397	0.0842316566598433	0.0955741341331171	0.0959403704726835	0.0890451298564988	0.0833742280407673	0.0905031387656955	

