precision:	0.1	0.05	0.1	0.075	0.08	0.0666666666666667	0.0571428571428571	0.05	0.0444444444444444	0.04	

MAP:	0.0396461028502285

NDCG:	0.1	0.05	0.0859718699852197	0.0722424227040804	0.0755989244631819	0.0681920714929543	0.0625492401460068	0.0580538222208797	0.0543566236613056	0.0512425326391497	

