precision:	0	0	0	0	0	0	0	0.0125	0.0222222222222222	0.02	

MAP:	0.0394442980135895

NDCG:	0	0	0	0	0	0	0	0.01064646477466	0.0170150352117748	0.0166501798052697	

