precision:	0	0.05	0.0666666666666667	0.05	0.06	0.0666666666666667	0.0571428571428571	0.05	0.0555555555555556	0.05	

MAP:	0.0417861469085867

NDCG:	0	0.05	0.0619906233284066	0.0520909085140302	0.0578841716700783	0.0715555732951685	0.0672350010024889	0.0637929739531023	0.0673306935859178	0.064581457970267	

