precision:	0	0	0	0	0.02	0.0166666666666667	0.0285714285714286	0.025	0.0222222222222222	0.02	

MAP:	0.0281779434346519

NDCG:	0	0	0	0	0.0215338279036697	0.0215338279036697	0.0298087361494626	0.0292140179599196	0.0287248996464831	0.0283129231393787	

