precision:	0.1	0.1	0.0666666666666667	0.075	0.06	0.05	0.0428571428571429	0.0375	0.0444444444444444	0.05	

MAP:	0.0664847590350471

NDCG:	0.1	0.1	0.0760187533431869	0.0798484858099498	0.0740552226539016	0.0699288974399629	0.0667853009140826	0.0642809233591068	0.0685898007391796	0.0722190990169547	

