precision:	0.2	0.15	0.1	0.15	0.12	0.1	0.0857142857142857	0.075	0.0666666666666667	0.07	

MAP:	0.056172143543728

NDCG:	0.2	0.15	0.11402813001478	0.15275757729592	0.141171050983823	0.132918400555946	0.126631207504185	0.121622452394234	0.11750306628015	0.119762373551942	

