precision:	0	0	0.0333333333333333	0.025	0.04	0.05	0.0571428571428571	0.0625	0.0777777777777778	0.07	

MAP:	0.0441431187156466

NDCG:	0	0	0.0239812466568131	0.0201515141900502	0.0298069527834639	0.0366841614733617	0.0419234890164955	0.0460974516081219	0.0558988438069733	0.0530612543976848	

