precision:	0	0.1	0.133333333333333	0.1	0.1	0.0833333333333333	0.0857142857142857	0.0875	0.0777777777777778	0.07	

MAP:	0.0621517056962057

NDCG:	0	0.1	0.123981246656813	0.10418181702806	0.107538318787162	0.100131465816934	0.10276354271578	0.10831987137577	0.104133554502759	0.100607486973499	

