precision:	0.1	0.1	0.1	0.075	0.06	0.0666666666666667	0.0714285714285714	0.075	0.0666666666666667	0.06	

MAP:	0.0769261450742755

NDCG:	0.1	0.1	0.1	0.0840303028380101	0.0777313660036979	0.0830424322447236	0.0870886109917622	0.0903120396837336	0.0865945366479904	0.0834633434913594	

