precision:	0	0.05	0.0333333333333333	0.025	0.04	0.05	0.0428571428571429	0.05	0.0555555555555556	0.05	

MAP:	0.0385186463348975

NDCG:	0	0.05	0.0380093766715934	0.0319393943239799	0.0401694188769748	0.0555764347356557	0.0525781214972438	0.0573764917758482	0.0613228495957071	0.0589178033680691	

