precision:	0	0	0	0	0.02	0.0166666666666667	0.0142857142857143	0.0125	0.0222222222222222	0.02	

MAP:	0.0285008419392796

NDCG:	0	0	0	0	0.0120921999903604	0.0109074589632733	0.0100048767421149	0.00928582560511944	0.0187702083558149	0.0182721032346708	

