precision:	0.1	0.1	0.0666666666666667	0.075	0.06	0.0666666666666667	0.0714285714285714	0.0625	0.0555555555555556	0.05	

MAP:	0.0537314577928093

NDCG:	0.1	0.1	0.0760187533431869	0.0798484858099498	0.0701930472165361	0.0731134024772138	0.07533824375264	0.0699236793131257	0.065470540543847	0.0634545796252232	

