precision:	0.1	0.05	0.0333333333333333	0.05	0.06	0.0666666666666667	0.0714285714285714	0.0625	0.0555555555555556	0.05	

MAP:	0.0547395732566622

NDCG:	0.1	0.05	0.0380093766715934	0.0479090914859699	0.054208028320282	0.0586945260298319	0.0621125161013532	0.0576484855614938	0.0539771011525801	0.0526195993878039	

