precision:	0.2	0.15	0.133333333333333	0.125	0.1	0.0833333333333333	0.0857142857142857	0.075	0.0666666666666667	0.06	

MAP:	0.0679302128500267

NDCG:	0.2	0.15	0.138009376671593	0.13193939432398	0.115985018896254	0.104621312496806	0.104238903127944	0.0967472464343839	0.0905858298992411	0.088287578304135	

