precision:	0.4	0.25	0.2	0.15	0.12	0.116666666666667	0.114285714285714	0.1	0.0888888888888889	0.08	

MAP:	0.0966229859568763

NDCG:	0.4	0.25	0.21402813001478	0.17984848580995	0.161963022663541	0.15902143847669	0.156780424171968	0.147808091301737	0.140428911720141	0.134213547163533	

