precision:	0.2	0.1	0.133333333333333	0.1	0.1	0.0833333333333333	0.0714285714285714	0.0875	0.0777777777777778	0.07	

MAP:	0.0815144145492261

NDCG:	0.2	0.1	0.123981246656813	0.10418181702806	0.107538318787162	0.100131465816934	0.0944886344699867	0.10436722944936	0.0997546117533232	0.0958694778811729	

