precision:	0.2	0.2	0.166666666666667	0.15	0.12	0.1	0.1	0.1125	0.111111111111111	0.1	

MAP:	0.0861118564834234

NDCG:	0.2	0.2	0.176018753343187	0.16387878864796	0.151786588657599	0.143173765734111	0.144887087382502	0.153439028630093	0.154103892100297	0.148934895836204	

