precision:	0.2	0.15	0.133333333333333	0.1	0.1	0.0833333333333333	0.0714285714285714	0.075	0.0777777777777778	0.07	

MAP:	0.081526423000623

NDCG:	0.2	0.15	0.138009376671593	0.11596969716199	0.117900784880673	0.109478662668077	0.103062359358143	0.105137753724357	0.106844635084246	0.103709878043598	

