precision:	0	0	0.0333333333333333	0.05	0.04	0.0333333333333333	0.0428571428571429	0.0375	0.0333333333333333	0.05	

MAP:	0.0459891942366327

NDCG:	0	0	0.0239812466568131	0.0361212113520402	0.0317533622364107	0.0286423062648405	0.0345470899477389	0.0320641883641301	0.0300221579430713	0.0397601886789964	

