precision:	0.3	0.3	0.233333333333333	0.175	0.16	0.133333333333333	0.142857142857143	0.15	0.133333333333333	0.12	

MAP:	0.0798401425149098

NDCG:	0.3	0.3	0.252037506686374	0.21178788013393	0.202132441540516	0.185457668900043	0.189303989029935	0.192368198359361	0.182151176972947	0.174702108074623	

