precision:	0	0.05	0.0666666666666667	0.125	0.14	0.15	0.142857142857143	0.125	0.111111111111111	0.1	

MAP:	0.0924995911670961

NDCG:	0	0.05	0.0619906233284066	0.13403030283801	0.149984678265736	0.161348384665184	0.161730794034046	0.154848437823105	0.149188132620482	0.145577112647528	

