precision:	0.2	0.1	0.0666666666666667	0.075	0.06	0.0666666666666667	0.0714285714285714	0.075	0.0888888888888889	0.08	

MAP:	0.0877335802408042

NDCG:	0.2	0.1	0.0760187533431869	0.0798484858099498	0.0740552226539016	0.0797264613905384	0.0840470336832181	0.0874890607326047	0.0966884819740187	0.0933645281048891	

