precision:	0.3	0.2	0.166666666666667	0.15	0.12	0.116666666666667	0.1	0.1	0.1	0.09	

MAP:	0.084043011673283

NDCG:	0.3	0.2	0.176018753343187	0.16387878864796	0.147924413220234	0.146358270771362	0.136890213729474	0.136534398019362	0.136241761972433	0.130266279228922	

