precision:	0.1	0.15	0.1	0.1	0.08	0.1	0.0857142857142857	0.075	0.0666666666666667	0.08	

MAP:	0.0811321226086235

NDCG:	0.1	0.15	0.11402813001478	0.11178788013393	0.102132441540516	0.114850360751769	0.10798955435417	0.102523824445853	0.0980286052959055	0.106147774665434	

