precision:	0.2	0.2	0.133333333333333	0.15	0.14	0.116666666666667	0.1	0.0875	0.0888888888888889	0.09	

MAP:	0.0917657805623672

NDCG:	0.2	0.2	0.152037506686374	0.1596969716199	0.156340469860798	0.144152194929874	0.134866688639702	0.127469297356104	0.127753978630111	0.129150325374254	

