precision:	0	0.05	0.0333333333333333	0.025	0.02	0.0166666666666667	0.0142857142857143	0.025	0.0222222222222222	0.03	

MAP:	0.0799676218459775

NDCG:	0	0.1	0.1	0.1	0.1	0.1	0.1	0.10718700645225	0.106729296884019	0.112072775555789	

