precision:	0	0.05	0.1	0.075	0.06	0.05	0.0428571428571429	0.05	0.0444444444444444	0.05	

MAP:	0.0506850655480647

NDCG:	0	0.05	0.0859718699852197	0.0722424227040804	0.0659434858697682	0.0614569881602184	0.0580389980886971	0.0625030286285564	0.0598058426003553	0.063263046184124	

