precision:	0.1	0.05	0.0333333333333333	0.05	0.04	0.05	0.0428571428571429	0.0375	0.0333333333333333	0.03	

MAP:	0.0325269912637029

NDCG:	0.1	0.05	0.0380093766715934	0.0509440826597766	0.0470819072224112	0.0566868681020546	0.0545911370848011	0.0529215520481506	0.0515484233434559	0.0503918590684643	

