precision:	0.2	0.1	0.0666666666666667	0.05	0.04	0.0333333333333333	0.0285714285714286	0.025	0.0222222222222222	0.02	

MAP:	0.0505411874247831

NDCG:	0.2	0.1	0.0760187533431869	0.0699487709955733	0.0660865955582079	0.0633357120822487	0.0612399810649953	0.0595703960283447	0.05819726732365	0.0570407030486584	

