precision:	0.1	0.05	0.0333333333333333	0.025	0.04	0.0666666666666667	0.0571428571428571	0.05	0.0444444444444444	0.05	

MAP:	0.131051279092979

NDCG:	0.1	0.05	0.05	0.05	0.066369747519437	0.0859648754205881	0.0843433965661221	0.083051629249432	0.0825204305553265	0.0878020105155665	

