precision:	0	0.05	0.0333333333333333	0.075	0.1	0.0833333333333333	0.0857142857142857	0.075	0.0666666666666667	0.07	

MAP:	0.0833319365855235

NDCG:	0	0.05	0.0380093766715934	0.0699487709955733	0.0902709955389286	0.0863353710358824	0.0968762709453881	0.0953224272900673	0.0940444885933903	0.102582817069608	

