precision:	0.3	0.2	0.133333333333333	0.1	0.1	0.0833333333333333	0.0714285714285714	0.0625	0.0555555555555556	0.08	

MAP:	0.0815153005377664

NDCG:	0.3	0.2	0.152037506686374	0.12775757729592	0.124401075536818	0.112212800605895	0.103829876536881	0.0988211214269289	0.0947017353128449	0.127340220500567	

