precision:	0.1	0.2	0.166666666666667	0.15	0.12	0.133333333333333	0.128571428571429	0.1125	0.111111111111111	0.1	

MAP:	0.105455509235034

NDCG:	0.1	0.2	0.176018753343187	0.169948770995573	0.153994395567847	0.172994226633146	0.176266933417199	0.17335674653266	0.178291740573046	0.176275779654422	

