precision:	0.1	0.1	0.0666666666666667	0.1	0.1	0.1	0.114285714285714	0.125	0.111111111111111	0.1	

MAP:	0.0894500107730916

NDCG:	0.1	0.1	0.0760187533431869	0.101888165319553	0.106256014435183	0.109367070406753	0.129547554325049	0.140176587826686	0.136181158625638	0.132815872719524	

