precision:	0.1	0.1	0.0666666666666667	0.075	0.08	0.0666666666666667	0.0571428571428571	0.05	0.0444444444444444	0.04	

MAP:	0.0678629612189445

NDCG:	0.1	0.1	0.0760187533431869	0.0798484858099498	0.0917268751202058	0.0876005499062671	0.0844569533803868	0.081952575825411	0.0812660114730637	0.0806877293355678	

