precision:	0.2	0.1	0.0666666666666667	0.05	0.04	0.0333333333333333	0.0285714285714286	0.025	0.0222222222222222	0.02	

MAP:	0.0443658199047889

NDCG:	0.2	0.1	0.0760187533431869	0.0638787886479598	0.0561544377732289	0.0534035542972697	0.0513078232800163	0.0496382382433657	0.048265109538671	0.0471085452636794	

