precision:	0.1	0.05	0.0333333333333333	0.05	0.04	0.0333333333333333	0.0571428571428571	0.0625	0.0555555555555556	0.06	

MAP:	0.0455067109430243

NDCG:	0.1	0.05	0.0380093766715934	0.0479090914859699	0.0421158283299217	0.037989503115983	0.0521422375322795	0.0562301482400111	0.053223627301301	0.0564202830534795	

