precision:	0.1	0.15	0.1	0.075	0.06	0.05	0.0428571428571429	0.05	0.0444444444444444	0.05	

MAP:	0.0449164194137928

NDCG:	0.1	0.15	0.11402813001478	0.0958181829719397	0.0842316566598433	0.0787298897079251	0.0745384276734181	0.0878659242667836	0.086492795562089	0.091065231383865	

