precision:	0	0.05	0.0666666666666667	0.075	0.08	0.0833333333333333	0.0857142857142857	0.0875	0.0777777777777778	0.08	

MAP:	0.0583841700590102

NDCG:	0	0.05	0.0619906233284066	0.0680606056760201	0.0719227811133856	0.0757378515843946	0.0786443220288811	0.0825697099451674	0.0794295242303592	0.0832751097530971	

