precision:	0	0	0.0333333333333333	0.025	0.02	0.0166666666666667	0.0142857142857143	0.0125	0.0222222222222222	0.02	

MAP:	0.0189551459303672

NDCG:	0	0	0.0239812466568131	0.0201515141900502	0.0177147527931035	0.0159791385595128	0.014656879505245	0.0136034886295045	0.0247277642026362	0.0239980533896261	

