precision:	0	0.05	0.0333333333333333	0.1	0.08	0.0666666666666667	0.0571428571428571	0.05	0.0444444444444444	0.04	

MAP:	0.0376937037623932

NDCG:	0	0.05	0.0380093766715934	0.0859184681575633	0.0801252050015151	0.0759988797875764	0.0728552832616962	0.0703509057067203	0.0682912126496783	0.0671346483746867	

