precision:	0	0.05	0.0666666666666667	0.075	0.06	0.05	0.0571428571428571	0.05	0.0444444444444444	0.04	

MAP:	0.0369374195154615

NDCG:	0	0.05	0.0619906233284066	0.0680606056760201	0.0598305811230252	0.0553440834134754	0.060201001587747	0.056883307485813	0.0541547127124068	0.0530130253922924	

