precision:	0	0	0	0	0	0	0	0	0	0.01	

MAP:	0.0127864567517954

NDCG:	0	0	0	0	0	0	0	0	0	0.00572900009676766	

