precision:	0	0	0.0333333333333333	0.025	0.02	0.0333333333333333	0.0285714285714286	0.025	0.0222222222222222	0.02	

MAP:	0.0332672890585703

NDCG:	0	0	0.0239812466568131	0.0201515141900502	0.0177147527931035	0.0268408895051383	0.0255186304508705	0.02446523957513	0.0235988918198551	0.022869181006845	

