precision:	0	0	0.0333333333333333	0.05	0.04	0.0333333333333333	0.0285714285714286	0.025	0.0333333333333333	0.04	

MAP:	0.0207744957617051

NDCG:	0	0	0.0239812466568131	0.0361212113520402	0.0317533622364107	0.0286423062648405	0.0262721817019459	0.0243839983078801	0.0291996566373727	0.0345471064598162	

