precision:	0	0	0.1	0.1	0.08	0.0666666666666667	0.0571428571428571	0.05	0.0444444444444444	0.04	

MAP:	0.0357211543361697

NDCG:	0	0	0.0719437399704394	0.0764242397321407	0.0671828678226178	0.0619760251218457	0.0580092479590423	0.0548490753318207	0.052250032065996	0.0500608996269659	

