precision:	0.1	0.1	0.0666666666666667	0.075	0.08	0.1	0.0857142857142857	0.075	0.0888888888888889	0.08	

MAP:	0.0461270598895416

NDCG:	0.1	0.1	0.0760187533431869	0.0798484858099498	0.0822852472068965	0.0938184253910627	0.0860550367723046	0.0798702557269926	0.0900096090663819	0.0853603975781982	

