precision:	0.2	0.25	0.266666666666667	0.225	0.2	0.166666666666667	0.142857142857143	0.125	0.111111111111111	0.1	

MAP:	0.226187132031758

NDCG:	0.2	0.3	0.375083598685552	0.371253866218789	0.373094652350919	0.36274621519384	0.354862369542171	0.354862369542171	0.354862369542171	0.354862369542171	

