precision:	0.1	0.25	0.166666666666667	0.125	0.12	0.1	0.0857142857142857	0.075	0.0666666666666667	0.06	

MAP:	0.162918994505527

NDCG:	0.1	0.3	0.26402813001478	0.257958147667167	0.266188172220162	0.262252547717115	0.259254234478704	0.258535183341708	0.257943808997378	0.257445703876234	

