precision:	0.1	0.25	0.2	0.175	0.16	0.133333333333333	0.114285714285714	0.1125	0.111111111111111	0.11	

MAP:	0.208059852457028

NDCG:	0.1	0.3	0.288009376671593	0.294079359019207	0.297941534456572	0.290894853981956	0.28552641618065	0.292550899841455	0.299287965249747	0.328892859695002	

