precision:	0.1	0.1	0.166666666666667	0.2	0.18	0.183333333333333	0.171428571428571	0.15	0.144444444444444	0.13	

MAP:	0.145295903958353

NDCG:	0.1	0.1	0.147962493313626	0.209307716715897	0.213875821835313	0.250274615118673	0.258068130340904	0.255345154428513	0.263181435063568	0.261295159975567	

