precision:	0.1	0.15	0.166666666666667	0.15	0.12	0.1	0.1	0.1	0.0888888888888889	0.08	

MAP:	0.0969519516631357

NDCG:	0.1	0.15	0.161990623328407	0.15209090851403	0.136136533086304	0.124772826686857	0.12749255088228	0.13300997229788	0.131179134024954	0.129637048324965	

