precision:	0	0	0	0	0	0.0166666666666667	0.0142857142857143	0.0125	0.0111111111111111	0.01	

MAP:	0.0353982193994471

NDCG:	0	0	0	0	0	0.00979756395057558	0.00898682452334257	0.00898682452334257	0.00898682452334257	0.00898682452334257	

