precision:	0.1	0.1	0.1	0.1	0.1	0.1	0.1	0.0875	0.0777777777777778	0.08	

MAP:	0.115397929383319

NDCG:	0.1	0.1	0.1	0.112139964695227	0.119864315569958	0.125366082521876	0.156903355021392	0.155849964145652	0.154983616390377	0.161247014317184	

