precision:	0.2	0.3	0.233333333333333	0.175	0.18	0.15	0.128571428571429	0.1125	0.111111111111111	0.1	

MAP:	0.258848526027325

NDCG:	0.2	0.35	0.365130482043519	0.352990517348292	0.378892194367592	0.372205686388586	0.367111642132921	0.366392590995925	0.37216978708871	0.371306826561061	

