precision:	0.3	0.15	0.166666666666667	0.175	0.14	0.133333333333333	0.128571428571429	0.1375	0.122222222222222	0.11	

MAP:	0.149902114493926

NDCG:	0.3	0.15	0.173981246656813	0.189950943818803	0.17592765610976	0.175736955398867	0.177318071027023	0.191301632577426	0.186013554798078	0.181559491736064	

