precision:	0.3	0.2	0.2	0.175	0.14	0.15	0.142857142857143	0.15	0.133333333333333	0.12	

MAP:	0.158902669572685

NDCG:	0.3	0.2	0.211990623328407	0.205920640980793	0.189966265553067	0.198197687054771	0.197920197747067	0.21190375929747	0.206615681518121	0.202161618456107	

