precision:	0.3	0.15	0.133333333333333	0.15	0.12	0.133333333333333	0.142857142857143	0.15	0.144444444444444	0.14	

MAP:	0.155604310306006

NDCG:	0.3	0.15	0.15	0.169799429628753	0.158212903316656	0.16955538078993	0.179922924290914	0.193719274869169	0.194645798274668	0.195426194072295	

