precision:	0.2	0.15	0.133333333333333	0.15	0.12	0.15	0.157142857142857	0.15	0.155555555555556	0.15	

MAP:	0.127981453922951

NDCG:	0.2	0.15	0.145574617693353	0.162339056148299	0.14882144211752	0.16858604180339	0.177094980368514	0.178221538722905	0.19113868545681	0.191919081254437	

