precision:	0	0	0	0.05	0.06	0.05	0.0857142857142857	0.075	0.0777777777777778	0.08	

MAP:	0.0837594580998786

NDCG:	0	0	0	0.0319393943239799	0.0401694188769748	0.0362337943739286	0.0854060163379048	0.0824226619747158	0.0872974803648774	0.100282334244836	

