precision:	0.7	0.35	0.3	0.3	0.24	0.2	0.185714285714286	0.175	0.166666666666667	0.15	

MAP:	0.19412337660381

NDCG:	0.7	0.35	0.326018753343187	0.33887878864796	0.312763300948556	0.2941622133636	0.291368216470249	0.28726572346944	0.283891680951953	0.276477343256968	

