precision:	0.1	0.15	0.133333333333333	0.1	0.1	0.0833333333333333	0.0857142857142857	0.075	0.0777777777777778	0.08	

MAP:	0.0742359422353926

NDCG:	0.1	0.15	0.145574617693353	0.127364670650513	0.127870344328777	0.118432952873812	0.119518085846686	0.113195561410196	0.114364253075461	0.1153486233125	

