precision:	0.3	0.2	0.133333333333333	0.125	0.12	0.1	0.0857142857142857	0.0875	0.0777777777777778	0.09	

MAP:	0.0591021934342408

NDCG:	0.3	0.2	0.152037506686374	0.14372727445791	0.138439684980125	0.124875968311222	0.114542596512423	0.113497419162751	0.106269256079063	0.115524806127085	

