precision:	0.1	0.1	0.133333333333333	0.125	0.12	0.133333333333333	0.142857142857143	0.125	0.111111111111111	0.12	

MAP:	0.0789237070891262

NDCG:	0.1	0.1	0.123981246656813	0.12015151419005	0.117714752793104	0.125776702510088	0.131918612274381	0.122437613098502	0.114640087466801	0.124145783389529	

