precision:	0	0	0.0333333333333333	0.025	0.02	0.0166666666666667	0.0285714285714286	0.0375	0.0555555555555556	0.07	

MAP:	0.0571857171190305

NDCG:	0	0	0.0239812466568131	0.0201515141900502	0.0177147527931035	0.0159791385595128	0.0229317877510379	0.0319301434604145	0.0433118182659326	0.0567841359644336	

