precision:	0.3	0.25	0.2	0.2	0.16	0.133333333333333	0.128571428571429	0.1375	0.122222222222222	0.12	

MAP:	0.0908328239525424

NDCG:	0.3	0.25	0.21402813001478	0.22081818297194	0.201001632106848	0.186887042231442	0.184408901845326	0.189621673019616	0.181171708643315	0.179783439332512	

