precision:	0.3	0.2	0.166666666666667	0.175	0.16	0.133333333333333	0.114285714285714	0.1	0.111111111111111	0.12	

MAP:	0.0926377165407228

NDCG:	0.3	0.2	0.176018753343187	0.17984848580995	0.174055222653902	0.160131333489387	0.149523568144947	0.141072785985609	0.159971550001537	0.166653348512648	

