precision:	0.3	0.2	0.133333333333333	0.1	0.08	0.0666666666666667	0.0571428571428571	0.075	0.0666666666666667	0.07	

MAP:	0.0798591871240531

NDCG:	0.3	0.2	0.152037506686374	0.12775757729592	0.116171050983823	0.107918400555946	0.101631207504185	0.110996465298735	0.105961660048187	0.107835445894983	

