precision:	0	0.15	0.2	0.2	0.18	0.166666666666667	0.157142857142857	0.15	0.155555555555556	0.14	

MAP:	0.0691751376467145

NDCG:	0	0.15	0.18597186998522	0.18821211986607	0.177545333916129	0.169947780235009	0.164159665600593	0.159548506294136	0.162124688163659	0.15399312889687	

