precision:	0.2	0.15	0.133333333333333	0.125	0.12	0.1	0.1	0.0875	0.0777777777777778	0.08	

MAP:	0.0899972699352203

NDCG:	0.2	0.15	0.138009376671593	0.13193939432398	0.128077218886614	0.11552877146008	0.114243779870059	0.106033072039503	0.0992802811600309	0.101468336772661	

