precision:	0.1	0.15	0.166666666666667	0.125	0.14	0.133333333333333	0.114285714285714	0.1125	0.1	0.1	

MAP:	0.115707224717256

NDCG:	0.1	0.15	0.161990623328407	0.142191193699654	0.15377772001175	0.154983689965011	0.147627536969672	0.148954190701455	0.143676709535214	0.14700076274829	

