precision:	0	0.1	0.1	0.1	0.08	0.0833333333333333	0.0857142857142857	0.1	0.1	0.1	

MAP:	0.0810808834671669

NDCG:	0	0.1	0.1	0.1	0.0879078000096396	0.0890925410367267	0.0899951232578851	0.097901180847131	0.0980348456232291	0.0996521541330535	

