precision:	0.2	0.15	0.133333333333333	0.1	0.12	0.1	0.1	0.1	0.0888888888888889	0.09	

MAP:	0.103931075117991

NDCG:	0.2	0.15	0.138009376671593	0.11596969716199	0.130408356962744	0.119235351274189	0.118998225192795	0.118809316332815	0.112285380237458	0.114087914425091	

