precision:	0.1	0.1	0.1	0.125	0.12	0.116666666666667	0.1	0.0875	0.0777777777777778	0.07	

MAP:	0.0607938338657056

NDCG:	0.1	0.1	0.1	0.11596969716199	0.114038609443307	0.112663167705328	0.103340393950908	0.0959133131698752	0.0898050062620812	0.0862640617779438	

