precision:	0	0.1	0.0666666666666667	0.075	0.08	0.0666666666666667	0.0571428571428571	0.05	0.0555555555555556	0.07	

MAP:	0.0673896328634183

NDCG:	0	0.1	0.0760187533431869	0.0798484858099498	0.0822852472068965	0.0742232974899116	0.0680813877256195	0.0631883739969976	0.0655327483280461	0.0744308035049689	

