precision:	0.1	0.1	0.0666666666666667	0.125	0.1	0.0833333333333333	0.0714285714285714	0.0625	0.0555555555555556	0.05	

MAP:	0.0586634785052979

NDCG:	0.1	0.1	0.0760187533431869	0.11178788013393	0.0982702661031506	0.0886421739372936	0.0813071153769064	0.0754635677486294	0.0706576172821981	0.0671879244572231	

