precision:	0.1	0.15	0.1	0.075	0.06	0.0666666666666667	0.0714285714285714	0.0625	0.0777777777777778	0.07	

MAP:	0.0842639146167155

NDCG:	0.1	0.15	0.11402813001478	0.101888165319553	0.0941638144448223	0.0984596114434796	0.101732318227533	0.0971525463063435	0.106123112763642	0.104189716575041	

