precision:	0	0.1	0.133333333333333	0.125	0.1	0.1	0.0857142857142857	0.075	0.0777777777777778	0.07	

MAP:	0.0740316791947115

NDCG:	0	0.1	0.123981246656813	0.12015151419005	0.105622552802743	0.10507167959624	0.0963770945173372	0.0894504665158847	0.0901223209866076	0.0861363440796133	

