precision:	0.1	0.2	0.2	0.15	0.14	0.116666666666667	0.114285714285714	0.1	0.0888888888888889	0.09	

MAP:	0.0834762153723869

NDCG:	0.1	0.2	0.2	0.16806060567602	0.159830581123025	0.14417107772492	0.140515961572005	0.130417070347383	0.122111367360289	0.122420583575661	

