precision:	0	0.15	0.1	0.125	0.12	0.1	0.0857142857142857	0.0875	0.0888888888888889	0.08	

MAP:	0.0519164372764161

NDCG:	0	0.15	0.11402813001478	0.12775757729592	0.124401075536818	0.112212800605895	0.102927294315722	0.102716909484375	0.10254388119015	0.0972474242750327	

