precision:	0.2	0.15	0.1	0.1	0.08	0.0666666666666667	0.0571428571428571	0.0625	0.0555555555555556	0.05	

MAP:	0.0794135998823975

NDCG:	0.2	0.15	0.11402813001478	0.11178788013393	0.0982702661031506	0.0886421739372936	0.0813071153769064	0.0826505742008798	0.077386914166217	0.0744955034787378	

