precision:	0	0.05	0.0333333333333333	0.05	0.1	0.1	0.114285714285714	0.1125	0.111111111111111	0.11	

MAP:	0.08844421314943

NDCG:	0	0.05	0.0380093766715934	0.0539790738335834	0.0883245860859818	0.0943772262444037	0.112527578259938	0.117035880590309	0.130148349165163	0.133636220951013	

