precision:	0.3	0.25	0.3	0.225	0.18	0.166666666666667	0.171428571428571	0.2	0.177777777777778	0.17	

MAP:	0.181572550790386

NDCG:	0.3	0.25	0.28597186998522	0.244132760846863	0.221373774906561	0.217711845728488	0.223196952578276	0.251859886120436	0.245445197056492	0.245771207483629	

