precision:	0.4	0.3	0.233333333333333	0.225	0.18	0.166666666666667	0.142857142857143	0.15	0.144444444444444	0.13	

MAP:	0.168784748649499

NDCG:	0.4	0.3	0.26402813001478	0.265617612600692	0.2424445599765	0.23848770654728	0.227198312033779	0.240565679423272	0.242512519836313	0.238423312180804	

