precision:	0.2	0.3	0.233333333333333	0.25	0.22	0.183333333333333	0.171428571428571	0.1625	0.155555555555556	0.16	

MAP:	0.168216396239956

NDCG:	0.2	0.3	0.252037506686374	0.2596969716199	0.246594729680832	0.228353814591486	0.224827808696744	0.224523158455434	0.228134537453306	0.240886880612123	

