precision:	0.1	0.05	0.0333333333333333	0.05	0.06	0.0833333333333333	0.0714285714285714	0.075	0.0777777777777778	0.07	

MAP:	0.126944680821667

NDCG:	0.1	0.05	0.05	0.0690046883357967	0.0810968883261571	0.104413745316287	0.102700423667895	0.108522495324805	0.119524210390875	0.11869126882935	

