precision:	0.1	0.15	0.2	0.15	0.16	0.15	0.128571428571429	0.1125	0.1	0.09	

MAP:	0.140816298620749

NDCG:	0.1	0.15	0.197962493313626	0.174333331218111	0.190197405059284	0.197494586155697	0.191851754808749	0.187356336883622	0.183659138324048	0.180545047301892	

