precision:	0	0.15	0.133333333333333	0.1	0.08	0.1	0.0857142857142857	0.075	0.0666666666666667	0.08	

MAP:	0.063829011354786

NDCG:	0	0.15	0.138009376671593	0.11596969716199	0.105808584890312	0.118166331605955	0.111031131662714	0.105346803396982	0.100671800844107	0.108192121401593	

