precision:	0.3	0.15	0.1	0.075	0.06	0.05	0.0714285714285714	0.0625	0.0555555555555556	0.05	

MAP:	0.105142855426875

NDCG:	0.3	0.15	0.126018753343187	0.11387878864796	0.106154437773229	0.100652670821311	0.116113158842675	0.112179270579831	0.108943894857005	0.106218789799918	

