precision:	0.1	0.1	0.1	0.075	0.06	0.0666666666666667	0.0714285714285714	0.0625	0.0555555555555556	0.05	

MAP:	0.0399343338243063

NDCG:	0.1	0.1	0.1	0.0840303028380101	0.0738691905663324	0.076429373331399	0.0783798210611842	0.0727466582642545	0.0681137360920483	0.0642115000854228	

