precision:	0	0	0	0.025	0.02	0.0166666666666667	0.0285714285714286	0.0375	0.0333333333333333	0.04	

MAP:	0.0247892838356649

NDCG:	0	0	0	0.01596969716199	0.0140386094433072	0.0126631677053277	0.0198902104424938	0.025647706186876	0.0240143139528606	0.0283675339800308	

