precision:	0.3	0.15	0.1	0.075	0.1	0.0833333333333333	0.0857142857142857	0.075	0.0888888888888889	0.09	

MAP:	0.0742475046272612

NDCG:	0.3	0.15	0.11402813001478	0.0958181829719397	0.11227823207793	0.104406983071837	0.106685264840806	0.101313274303971	0.109632290766716	0.111322241258202	

