precision:	0.1	0.1	0.0666666666666667	0.05	0.04	0.0333333333333333	0.0428571428571429	0.05	0.0444444444444444	0.05	

MAP:	0.0675572102037747

NDCG:	0.1	0.1	0.0760187533431869	0.0638787886479598	0.0600166132105944	0.0572657297346352	0.0634449069631746	0.0683676101892316	0.0660476536028688	0.0698225914925431	

