precision:	0.1	0.1	0.0666666666666667	0.05	0.04	0.05	0.0571428571428571	0.05	0.0444444444444444	0.04	

MAP:	0.0290152531257025

NDCG:	0.1	0.1	0.0760187533431869	0.0638787886479598	0.0561544377732289	0.0604502347718862	0.0637229415559391	0.05914316963475	0.0553765952178187	0.0522040700242032	

