precision:	0.1	0.15	0.166666666666667	0.15	0.12	0.1	0.0857142857142857	0.075	0.0777777777777778	0.07	

MAP:	0.112289041933458

NDCG:	0.1	0.15	0.173981246656813	0.17015151419005	0.15805931419969	0.149446491276201	0.1428849046788	0.137657551211433	0.139726952131536	0.135740975224542	

