precision:	0.3	0.2	0.166666666666667	0.125	0.12	0.116666666666667	0.128571428571429	0.1125	0.1	0.1	

MAP:	0.101826253425676

NDCG:	0.3	0.2	0.176018753343187	0.14790909148597	0.145978003767287	0.154147638440459	0.189531231069868	0.182155315757637	0.176089089230512	0.177865168336038	

