precision:	0	0	0.0333333333333333	0.05	0.04	0.0333333333333333	0.0428571428571429	0.05	0.0555555555555556	0.05	

MAP:	0.0425507648048575

NDCG:	0	0	0.0239812466568131	0.0361212113520402	0.0317533622364107	0.0286423062648405	0.0345470899477388	0.0392511948163805	0.043120025264205	0.0406496789750924	

