precision:	0.1	0.15	0.1	0.075	0.06	0.05	0.0857142857142857	0.0875	0.0777777777777778	0.08	

MAP:	0.0563711256087724

NDCG:	0.1	0.15	0.11402813001478	0.0958181829719397	0.0842316566598433	0.0759790062319659	0.0945165379175842	0.0949106346912542	0.0888661840686289	0.089852200932797	

