precision:	0.1	0.1	0.0666666666666667	0.05	0.04	0.0333333333333333	0.0571428571428571	0.0625	0.0666666666666667	0.06	

MAP:	0.0372405064905479

NDCG:	0.1	0.1	0.0760187533431869	0.0638787886479598	0.0561544377732289	0.0506526708213106	0.0661131588426754	0.0693662770320817	0.0720417621781391	0.0685662802895491	

