precision:	0.1	0.1	0.0666666666666667	0.075	0.06	0.0666666666666667	0.0571428571428571	0.05	0.0444444444444444	0.05	

MAP:	0.0813327886753099

NDCG:	0.1	0.1	0.0880093766715934	0.0979090914859699	0.0921158283299217	0.0977870670665586	0.0938327311134453	0.0906824699001244	0.088091578148977	0.0916383116967294	

