precision:	0.1	0.05	0.0333333333333333	0.05	0.06	0.0666666666666667	0.0714285714285714	0.075	0.0777777777777778	0.08	

MAP:	0.069383358766342

NDCG:	0.1	0.05	0.0380093766715934	0.0479090914859699	0.0580702037576475	0.0653075849431565	0.0708213060319312	0.0752138669809729	0.0788264721456371	0.0823167316451582	

