precision:	0.3	0.2	0.166666666666667	0.175	0.16	0.133333333333333	0.114285714285714	0.125	0.111111111111111	0.11	

MAP:	0.0810923958946596

NDCG:	0.3	0.2	0.176018753343187	0.17984848580995	0.174055222653902	0.160131333489387	0.149523568144947	0.15544679889011	0.147581142835263	0.147762898399612	

