precision:	0.2	0.15	0.166666666666667	0.15	0.14	0.116666666666667	0.114285714285714	0.1	0.1	0.1	

MAP:	0.0885389675987588

NDCG:	0.2	0.15	0.161990623328407	0.15209090851403	0.149654147117083	0.138120968932917	0.137609449305882	0.130014935636236	0.130137496143299	0.130970437704824	

