precision:	0.2	0.15	0.166666666666667	0.2	0.16	0.166666666666667	0.142857142857143	0.1375	0.155555555555556	0.14	

MAP:	0.0999393896918198

NDCG:	0.2	0.15	0.201102352028739	0.226971764005106	0.207155213140014	0.212635751165759	0.200261223679384	0.197589939274276	0.208130116702777	0.200977503009729	

