precision:	0.2	0.1	0.1	0.075	0.06	0.05	0.0571428571428571	0.075	0.0888888888888889	0.08	

MAP:	0.0716217009394041

NDCG:	0.2	0.1	0.1	0.0840303028380101	0.0777313660036979	0.073244868294148	0.0781017864684197	0.0891581052709865	0.0982512322353468	0.0944522269772362	

