precision:	0	0	0.0333333333333333	0.075	0.08	0.0666666666666667	0.0714285714285714	0.0625	0.0555555555555556	0.05	

MAP:	0.0455467390890876

NDCG:	0	0	0.0239812466568131	0.0520909085140301	0.0578841716700783	0.0522129329334415	0.0561672688865547	0.0521305236476252	0.0488105545298894	0.0460141978136392	

