precision:	0	0	0	0	0	0	0.0142857142857143	0.025	0.0333333333333333	0.04	

MAP:	0.0259390343613251

NDCG:	0	0	0	0	0	0	0.00827490824579292	0.0148671965085004	0.0202889390639471	0.0252675623292125	

