precision:	0.1	0.05	0.0666666666666667	0.075	0.06	0.05	0.0571428571428571	0.05	0.0444444444444444	0.05	

MAP:	0.0397994029152795

NDCG:	0.1	0.05	0.0619906233284066	0.0680606056760201	0.0598305811230252	0.0539686416754958	0.0608798279054266	0.0573220594747102	0.0543960186623933	0.0588170258086551	

