precision:	0	0.1	0.1	0.1	0.12	0.1	0.1	0.1125	0.1	0.1	

MAP:	0.0470957548294135

NDCG:	0	0.1	0.1	0.1	0.11209219999036	0.101109895012698	0.101018052218772	0.108131891192372	0.101245435536802	0.101522245072379	

