precision:	0.3	0.2	0.133333333333333	0.1	0.1	0.1	0.1	0.1	0.0888888888888889	0.09	

MAP:	0.0835501377243195

NDCG:	0.3	0.2	0.152037506686374	0.12775757729592	0.128263250974184	0.128623423469795	0.128897817015436	0.129116415372851	0.122927628338664	0.124600476695675	

