precision:	0	0.1	0.133333333333333	0.15	0.12	0.1	0.1	0.1125	0.111111111111111	0.1	

MAP:	0.050782298716181

NDCG:	0	0.1	0.123981246656813	0.13612121135204	0.121592249964733	0.111243812807654	0.111634875401777	0.119133425773628	0.118931941488557	0.114189798686445	

