precision:	0.1	0.15	0.1	0.075	0.06	0.05	0.0714285714285714	0.0875	0.0888888888888889	0.08	

MAP:	0.0731621625636996

NDCG:	0.1	0.15	0.11402813001478	0.0958181829719397	0.0842316566598433	0.0759790062319659	0.0862416296717913	0.0944174510872546	0.0947729796469492	0.0897082909577709	

