precision:	0.2	0.15	0.1	0.075	0.1	0.1	0.0857142857142857	0.075	0.0666666666666667	0.06	

MAP:	0.0788506190473965

NDCG:	0.2	0.15	0.11402813001478	0.0958181829719397	0.11394158050197	0.11705263647354	0.111147852790642	0.106443747922	0.102574917474175	0.0993162636665203	

