precision:	0.2	0.1	0.133333333333333	0.1	0.08	0.116666666666667	0.114285714285714	0.125	0.122222222222222	0.11	

MAP:	0.0992009013399746

NDCG:	0.2	0.1	0.123981246656813	0.10418181702806	0.0954461187968014	0.118616698705388	0.119719139543692	0.131243874817893	0.131966197075779	0.127960829664585	

