precision:	0	0	0	0	0.04	0.0333333333333333	0.0428571428571429	0.0375	0.0333333333333333	0.03	

MAP:	0.0506401020785959

NDCG:	0	0	0	0	0.0241843999807207	0.0218149179265466	0.037820112839631	0.03638201056564	0.0351992618769806	0.0342030516346925	

