precision:	0.1	0.05	0.0333333333333333	0.05	0.06	0.0833333333333333	0.0714285714285714	0.0625	0.0555555555555556	0.06	

MAP:	0.0597256797032638

NDCG:	0.1	0.05	0.0380093766715934	0.0479090914859699	0.054208028320282	0.0710503703854345	0.0661934522111628	0.0623241398608465	0.0591418737653693	0.0627687843294736	

