precision:	0	0.05	0.1	0.125	0.12	0.1	0.1	0.0875	0.0888888888888889	0.08	

MAP:	0.040619479777722

NDCG:	0	0.05	0.0859718699852197	0.10418181702806	0.103676143349796	0.0935184069036096	0.0940547527852015	0.0872950316338809	0.0881041564932904	0.0830566692825334	

