precision:	0.2	0.1	0.0666666666666667	0.05	0.04	0.05	0.0428571428571429	0.05	0.0555555555555556	0.05	

MAP:	0.0516930090233867

NDCG:	0.2	0.1	0.0760187533431869	0.0638787886479598	0.0561544377732289	0.0604502347718862	0.0554480333101462	0.0586499860307505	0.0649905774540493	0.061844507342541	

