precision:	0.3	0.15	0.133333333333333	0.125	0.1	0.1	0.1	0.1	0.0888888888888889	0.08	

MAP:	0.0856504625483277

NDCG:	0.3	0.15	0.138009376671593	0.13193939432398	0.11984719433362	0.121031935360707	0.121934517581865	0.12265356871886	0.116876372626075	0.112010333056957	

