precision:	0.1	0.05	0.0333333333333333	0.025	0.04	0.0666666666666667	0.0571428571428571	0.05	0.0444444444444444	0.04	

MAP:	0.0380600602944606

NDCG:	0.1	0.05	0.0380093766715934	0.0319393943239799	0.0401694188769748	0.0558289222750798	0.0512091301822019	0.0475287266918657	0.0445018262546305	0.0419523165854393	

