precision:	0.2	0.1	0.1	0.075	0.06	0.0666666666666667	0.0714285714285714	0.0625	0.0555555555555556	0.05	

MAP:	0.101421821630447

NDCG:	0.2	0.1	0.111990623328407	0.10209090851403	0.095791971679718	0.101103037920744	0.105149216667782	0.101185638907503	0.0979258454399917	0.0951801737083578	

