precision:	0.2	0.25	0.2	0.225	0.22	0.2	0.214285714285714	0.1875	0.166666666666667	0.15	

MAP:	0.222597798001742

NDCG:	0.2	0.3	0.276018753343187	0.344948770995573	0.355109883267251	0.352549700502184	0.376684520373593	0.373701166010404	0.371247544647943	0.369180898744703	

