precision:	0.1	0.1	0.0666666666666667	0.05	0.06	0.0833333333333333	0.0714285714285714	0.075	0.0777777777777778	0.07	

MAP:	0.142110816758758

NDCG:	0.1	0.15	0.138009376671593	0.13193939432398	0.140169418876975	0.15582892227508	0.151209130182202	0.162513987610726	0.173382037900697	0.172436512643025	

