precision:	0.1	0.2	0.2	0.25	0.22	0.183333333333333	0.171428571428571	0.15	0.133333333333333	0.13	

MAP:	0.260512703176821

NDCG:	0.1	0.3	0.323981246656813	0.371095596849827	0.370827857555184	0.360839592893716	0.366769353935606	0.36593456141728	0.365247997064933	0.371662823667254	

