precision:	0	0	0.0333333333333333	0.025	0.04	0.05	0.0428571428571429	0.05	0.0444444444444444	0.05	

MAP:	0.0698905550447708

NDCG:	0	0	0.0630929753571457	0.0630929753571457	0.0768485237715463	0.0866460877221219	0.0858353482948888	0.0923764710887942	0.0913875628264572	0.0962836213616999	

