precision:	0.3	0.3	0.266666666666667	0.25	0.2	0.166666666666667	0.142857142857143	0.125	0.122222222222222	0.11	

MAP:	0.246437264094254

NDCG:	0.3	0.3	0.339111728700333	0.349011443514709	0.3311259803683	0.318386832230873	0.308681649107591	0.304507686515965	0.307443435191343	0.304187169097359	

