precision:	0.3	0.3	0.2	0.2	0.2	0.2	0.171428571428571	0.15	0.144444444444444	0.13	

MAP:	0.224990856191642

NDCG:	0.3	0.35	0.290046883357967	0.331736651129503	0.346680984608521	0.36500835572788	0.355959975519101	0.355959975519101	0.362328545956216	0.361963690549711	

