precision:	0.2	0.2	0.233333333333333	0.175	0.14	0.133333333333333	0.114285714285714	0.1	0.0888888888888889	0.09	

MAP:	0.206631095787207

NDCG:	0.2	0.25	0.337074222013959	0.321104524851969	0.310943412580291	0.313503595345358	0.30717913482935	0.30717913482935	0.30717913482935	0.312908134926118	

