precision:	0.1	0.1	0.1	0.075	0.06	0.0666666666666667	0.0714285714285714	0.0625	0.0777777777777778	0.08	

MAP:	0.0636009474533814

NDCG:	0.1	0.1	0.1	0.0840303028380101	0.0777313660036979	0.0830424322447236	0.0870886109917622	0.0860352201160217	0.0979060132349764	0.103439700348774	

