precision:	0.1	0.25	0.266666666666667	0.225	0.2	0.166666666666667	0.142857142857143	0.125	0.133333333333333	0.12	

MAP:	0.192118226864169

NDCG:	0.1	0.3	0.363092975357146	0.353193260542769	0.351171871237534	0.338072550604495	0.328092973935573	0.326204790541507	0.338348888623622	0.336676040266611	

