precision:	0.1	0.25	0.3	0.225	0.2	0.166666666666667	0.142857142857143	0.125	0.133333333333333	0.12	

MAP:	0.197896300196025

NDCG:	0.1	0.3	0.387074222013959	0.35737507757083	0.35484801458733	0.341388521458681	0.331134551244117	0.329027769492636	0.340992084171823	0.339167807139298	

