precision:	0	0.15	0.2	0.25	0.24	0.216666666666667	0.2	0.175	0.155555555555556	0.15	

MAP:	0.22687899954909

NDCG:	0	0.2	0.287074222013959	0.334188572206973	0.355454660816	0.364809036516259	0.370738797558148	0.369904005039823	0.369217440687475	0.375632267289797	

