precision:	0.2	0.25	0.266666666666667	0.225	0.2	0.183333333333333	0.157142857142857	0.1375	0.122222222222222	0.11	

MAP:	0.260553828371573

NDCG:	0.2	0.3	0.375083598685552	0.377323848566403	0.388190890520131	0.392949181194613	0.387161066560198	0.386107675684457	0.385241327929182	0.384511617116172	

