precision:	0.1	0.15	0.133333333333333	0.2	0.2	0.2	0.2	0.175	0.166666666666667	0.16	

MAP:	0.2607556393347

NDCG:	0.1	0.25	0.261990623328407	0.31596969716199	0.32972524557639	0.346987560048058	0.356073207721084	0.354643697013216	0.365458637675839	0.371461487771056	

