precision:	0	0	0	0.025	0.06	0.0666666666666667	0.1	0.1	0.0888888888888889	0.08	

MAP:	0.0924719909267111

NDCG:	0	0	0	0.01596969716199	0.0691984652410069	0.0764358464265159	0.0984993840068765	0.107956412402451	0.106978175775577	0.106154222761369	

