precision:	0.3	0.15	0.1	0.1	0.08	0.0666666666666667	0.0571428571428571	0.05	0.0444444444444444	0.04	

MAP:	0.142734267904927

NDCG:	0.3	0.2	0.176018753343187	0.17984848580995	0.170193047216536	0.163315838526638	0.158076510983505	0.155572133428529	0.153512440371487	0.151777593958999	

