precision:	0.4	0.2	0.166666666666667	0.175	0.16	0.133333333333333	0.128571428571429	0.125	0.111111111111111	0.1	

MAP:	0.175523618469679

NDCG:	0.4	0.2	0.188009376671593	0.23193939432398	0.236307243439609	0.229620735460604	0.232801599450732	0.242853346035849	0.242364227722412	0.241952251215308	

