precision:	0.1	0.1	0.1	0.075	0.06	0.0666666666666667	0.0571428571428571	0.05	0.0444444444444444	0.05	

MAP:	0.11113910212473

NDCG:	0.1	0.1	0.151102352028739	0.145032369681126	0.14117019424376	0.148216874718377	0.14531040427389	0.14531040427389	0.14531040427389	0.160361904057089	

