precision:	0.1	0.2	0.166666666666667	0.175	0.14	0.116666666666667	0.114285714285714	0.1	0.0888888888888889	0.08	

MAP:	0.16550403036495

NDCG:	0.1	0.25	0.238009376671593	0.24790909148597	0.240184740611239	0.234682973659321	0.238766419870607	0.235427249797305	0.232680992387916	0.230367863837933	

