precision:	0.1	0.1	0.0666666666666667	0.05	0.08	0.0666666666666667	0.0714285714285714	0.0625	0.0555555555555556	0.06	

MAP:	0.125659889869108

NDCG:	0.1	0.15	0.138009376671593	0.13193939432398	0.152261618867335	0.147141253337202	0.161050717233033	0.160331666096037	0.159740291751708	0.174293686413763	

