precision:	0.1	0.2	0.2	0.2	0.2	0.183333333333333	0.157142857142857	0.1375	0.133333333333333	0.12	

MAP:	0.160002273664647

NDCG:	0.1	0.25	0.261990623328407	0.26806060567602	0.275784956550751	0.271489159552094	0.259941544522248	0.257115711633771	0.262120081531514	0.26016255478435	

