precision:	0.2	0.2	0.233333333333333	0.225	0.22	0.2	0.171428571428571	0.1625	0.144444444444444	0.13	

MAP:	0.199046987734807

NDCG:	0.2	0.25	0.325083598685552	0.337223563380779	0.34661126267955	0.34350020670798	0.332855173899293	0.338710525303027	0.337157613195405	0.335849620244899	

