precision:	0.2	0.1	0.133333333333333	0.125	0.12	0.116666666666667	0.1	0.1125	0.111111111111111	0.11	

MAP:	0.146950213922725

NDCG:	0.2	0.1	0.170658216378905	0.208518251683678	0.222327728712617	0.226623525711274	0.221621324249534	0.239808537888999	0.244346270053187	0.252054044681551	

