precision:	0.1	0.2	0.133333333333333	0.1	0.08	0.0666666666666667	0.0571428571428571	0.05	0.0444444444444444	0.04	

MAP:	0.148970922788972

NDCG:	0.1	0.25	0.226018753343187	0.21387878864796	0.206154437773229	0.200652670821311	0.196461208786804	0.196461208786804	0.196461208786804	0.196461208786804	

