precision:	0.1	0.25	0.2	0.225	0.2	0.166666666666667	0.157142857142857	0.1375	0.122222222222222	0.11	

MAP:	0.156588704124249

NDCG:	0.1	0.3	0.276018753343187	0.301888165319553	0.302126099703175	0.292498007537318	0.293437857222723	0.290098687149422	0.287352429740033	0.28503930119005	

