precision:	0.1	0.05	0.0666666666666667	0.05	0.06	0.0666666666666667	0.0571428571428571	0.05	0.0555555555555556	0.05	

MAP:	0.0531272082207208

NDCG:	0.1	0.05	0.0619906233284066	0.0520909085140301	0.0673257995833876	0.0726368658244134	0.0684081363256591	0.0684081363256591	0.0757365760782816	0.0757365760782816	

