precision:	0.1	0.15	0.1	0.075	0.08	0.0666666666666667	0.0714285714285714	0.0625	0.0555555555555556	0.06	

MAP:	0.12867052343125

NDCG:	0.1	0.2	0.176018753343187	0.16387878864796	0.168246637763589	0.161560129784584	0.17427644488432	0.173557393747324	0.172966019402995	0.18751941406505	

