precision:	0.1	0.1	0.0666666666666667	0.075	0.08	0.0833333333333333	0.0857142857142857	0.0875	0.0888888888888889	0.09	

MAP:	0.122372887872527

NDCG:	0.1	0.1	0.0760187533431869	0.0828834769837565	0.0911135015367514	0.0969754409842808	0.106705601466554	0.112779551227704	0.118734862275631	0.124571406740457	

