precision:	0.2	0.25	0.2	0.175	0.22	0.183333333333333	0.157142857142857	0.1375	0.122222222222222	0.11	

MAP:	0.232343711662671

NDCG:	0.2	0.3	0.288009376671593	0.294079359019207	0.345323110765003	0.337091689263299	0.330820669240835	0.330101618103839	0.32951024375951	0.329012138638365	

