precision:	0.3	0.2	0.133333333333333	0.15	0.14	0.116666666666667	0.114285714285714	0.1125	0.1	0.1	

MAP:	0.197661578180379

NDCG:	0.3	0.25	0.21402813001478	0.26178788013393	0.264224641530876	0.256162691813892	0.258295690295392	0.265320173956197	0.264728799611868	0.271223803230541	

