precision:	0.1	0.05	0.0333333333333333	0.025	0.04	0.0333333333333333	0.0285714285714286	0.025	0.0222222222222222	0.02	

MAP:	0.0449094188899697

NDCG:	0.1	0.05	0.0380093766715934	0.0319393943239799	0.0401694188769748	0.0362337943739286	0.0332354811355168	0.0325164299985213	0.0319250556541916	0.0314269505330475	

