precision:	0.3	0.15	0.1	0.075	0.06	0.05	0.0428571428571429	0.05	0.0555555555555556	0.05	

MAP:	0.141361213680716

NDCG:	0.3	0.15	0.126018753343187	0.119948770995573	0.119948770995573	0.119948770995573	0.119948770995573	0.127135777447824	0.133046638316707	0.132296261485205	

