precision:	0.3	0.15	0.133333333333333	0.15	0.14	0.133333333333333	0.128571428571429	0.1125	0.1	0.09	

MAP:	0.153474141917476

NDCG:	0.3	0.15	0.15	0.2	0.205525523861406	0.209461148364452	0.212459461602864	0.211029950894995	0.209854268229212	0.208864009584611	

