precision:	0.3	0.3	0.233333333333333	0.2	0.18	0.15	0.128571428571429	0.1125	0.1	0.09	

MAP:	0.187655207570923

NDCG:	0.3	0.35	0.31402813001478	0.298853174145746	0.302501538903008	0.28976239076558	0.280057207642299	0.278387622605648	0.277014493900953	0.275857929625962	

