precision:	0.4	0.2	0.266666666666667	0.25	0.2	0.166666666666667	0.142857142857143	0.125	0.122222222222222	0.12	

MAP:	0.202722175639953

NDCG:	0.4	0.2	0.259953116642033	0.296223669360894	0.283625795692269	0.27465280027317	0.267816820130127	0.266763429254386	0.273225521251734	0.279488919178541	

