precision:	0.2	0.15	0.1	0.075	0.06	0.05	0.0571428571428571	0.05	0.0444444444444444	0.05	

MAP:	0.171566687529342

NDCG:	0.2	0.2	0.176018753343187	0.16387878864796	0.156154437773229	0.150652670821311	0.154736117032597	0.154141398843054	0.153652280529617	0.16023341276233	

