precision:	0.3	0.2	0.133333333333333	0.15	0.14	0.133333333333333	0.128571428571429	0.1125	0.1	0.09	

MAP:	0.217663104281595

NDCG:	0.3	0.25	0.21402813001478	0.23686255081734	0.239299312214287	0.243593206852904	0.245726205334405	0.244412436007867	0.2433319433501	0.242421861721852	

