precision:	0.3	0.2	0.166666666666667	0.15	0.14	0.133333333333333	0.128571428571429	0.125	0.111111111111111	0.1	

MAP:	0.222595073618595

NDCG:	0.3	0.25	0.238009376671593	0.238009376671593	0.244723685597617	0.247644040858295	0.249868882133721	0.255815286738083	0.25433726016231	0.25309234209368	

