precision:	0.2	0.25	0.233333333333333	0.175	0.2	0.183333333333333	0.171428571428571	0.15	0.144444444444444	0.13	

MAP:	0.235190814047358

NDCG:	0.2	0.3	0.351102352028739	0.335132654866749	0.374967318008539	0.376342759746518	0.377390625255145	0.376671574118149	0.382448770210935	0.381585809683285	

