precision:	0	0	0.0333333333333333	0.025	0.04	0.05	0.0714285714285714	0.075	0.0666666666666667	0.08	

MAP:	0.0843668098853958

NDCG:	0	0	0.0630929753571457	0.0630929753571457	0.0751851753475061	0.0933430746821461	0.114254613854698	0.121441620306949	0.120983910738717	0.133320498150305	

