precision:	0.2	0.25	0.166666666666667	0.125	0.12	0.1	0.0857142857142857	0.0875	0.0777777777777778	0.08	

MAP:	0.164653626448046

NDCG:	0.2	0.3	0.252037506686374	0.233827559643533	0.234333233321797	0.224895841866833	0.217706066593914	0.233653682123585	0.233062307779255	0.239557311397929	

