precision:	0.1	0.1	0.1	0.1	0.1	0.0833333333333333	0.0714285714285714	0.075	0.0777777777777778	0.07	

MAP:	0.108213134442833

NDCG:	0.1	0.1	0.111990623328407	0.11806060567602	0.121922781113386	0.114876100638769	0.109507662837463	0.116532146498268	0.122309342591053	0.121446382063404	

