precision:	0	0	0	0	0	0	0	0	0.0222222222222222	0.02	

MAP:	0.0449039782103601

NDCG:	0	0	0	0	0	0	0	0	0.013170314751867	0.012805459345362	

