precision:	0	0.05	0.0333333333333333	0.05	0.1	0.116666666666667	0.1	0.1	0.0888888888888889	0.11	

MAP:	0.0762328502442905

NDCG:	0	0.05	0.0380093766715934	0.0479090914859699	0.0826699758300794	0.0968334834581677	0.0931697140799911	0.0981569932185757	0.0958901462595617	0.126203279814004	

