precision:	0	0	0	0	0	0	0	0	0.0111111111111111	0.03	

MAP:	0.0288222670890315

NDCG:	0	0	0	0	0	0	0	0	0.0063685704371148	0.0201848002070716	

