precision:	0.5	0.3	0.233333333333333	0.225	0.2	0.166666666666667	0.142857142857143	0.1375	0.144444444444444	0.13	

MAP:	0.137091294645134

NDCG:	0.5	0.3	0.252037506686374	0.249797256805523	0.236279642774744	0.216853986658311	0.204150490296618	0.202051922071205	0.211774867469077	0.20574869974095	

