precision:	0.1	0.05	0.0666666666666667	0.075	0.06	0.0666666666666667	0.0571428571428571	0.0625	0.0666666666666667	0.06	

MAP:	0.0522449040367139

NDCG:	0.1	0.05	0.0619906233284066	0.0680606056760201	0.0598305811230252	0.0637662056260714	0.0595374761273171	0.0660785989212224	0.0730792599386418	0.0722463183771169	

