precision:	0.1	0.2	0.233333333333333	0.225	0.18	0.183333333333333	0.171428571428571	0.15	0.144444444444444	0.13	

MAP:	0.109503716844898

NDCG:	0.1	0.2	0.223981246656813	0.223186505363857	0.200933193101819	0.211051467770009	0.209346799346879	0.201855142653318	0.203435425259985	0.199037471845886	

