precision:	0.1	0.15	0.133333333333333	0.125	0.12	0.116666666666667	0.1	0.0875	0.0777777777777778	0.07	

MAP:	0.069999730542999

NDCG:	0.1	0.15	0.138009376671593	0.135769126790743	0.134343712750324	0.136952813268072	0.130665620216312	0.12565686510636	0.121537478992276	0.118067786167301	

