precision:	0	0.05	0.0666666666666667	0.075	0.06	0.0666666666666667	0.0571428571428571	0.05	0.0444444444444444	0.04	

MAP:	0.0297075222295661

NDCG:	0	0.05	0.0619906233284066	0.0680606056760201	0.0598305811230252	0.0637662056260714	0.0584896106186903	0.0542859585296289	0.0508287190232066	0.0479167416611813	

