precision:	0.1	0.1	0.0666666666666667	0.05	0.06	0.0666666666666667	0.0714285714285714	0.0625	0.0555555555555556	0.05	

MAP:	0.0541176311130125

NDCG:	0.1	0.1	0.0760187533431869	0.0638787886479598	0.0682466377635893	0.0724218807302094	0.0794248746532147	0.0777552896165642	0.0763821609118695	0.0752255966368778	

