precision:	0.1	0.1	0.1	0.1	0.08	0.1	0.114285714285714	0.1125	0.1	0.1	

MAP:	0.082664136949234

NDCG:	0.1	0.1	0.1	0.103829732466763	0.0941742938733493	0.107956400079652	0.123720454502996	0.127582794385359	0.124347418662533	0.133064276100086	

