precision:	0.1	0.1	0.0666666666666667	0.05	0.06	0.0666666666666667	0.0857142857142857	0.075	0.0666666666666667	0.06	

MAP:	0.0568733474927363

NDCG:	0.1	0.1	0.0760187533431869	0.0638787886479598	0.0682466377635893	0.0724218807302094	0.0876997828990077	0.0847164285358186	0.0822628071733577	0.0801961612701176	

