precision:	0.2	0.2	0.133333333333333	0.1	0.08	0.0666666666666667	0.0571428571428571	0.0625	0.0666666666666667	0.07	

MAP:	0.102226621572242

NDCG:	0.2	0.2	0.152037506686374	0.133827559643533	0.122241033331437	0.116739266379519	0.112547804345012	0.118065225760611	0.1226029579248	0.126425016915074	

