precision:	0	0	0.0333333333333333	0.025	0.04	0.0333333333333333	0.0428571428571429	0.0375	0.0333333333333333	0.03	

MAP:	0.0307429222806263

NDCG:	0	0	0.0239812466568131	0.0201515141900502	0.0298069527834639	0.0280713385498732	0.040288292643523	0.0392349017677825	0.0383685540125075	0.0376388431994975	

