precision:	0	0.1	0.1	0.1	0.1	0.0833333333333333	0.0714285714285714	0.0875	0.0888888888888889	0.09	

MAP:	0.048467349171514

NDCG:	0	0.1	0.1	0.1	0.1	0.091577877787404	0.0860641566986292	0.0982176751640428	0.100973640436493	0.103294945763763	

