precision:	0	0.05	0.0333333333333333	0.025	0.08	0.0833333333333333	0.114285714285714	0.1125	0.111111111111111	0.12	

MAP:	0.102558155869184

NDCG:	0	0.05	0.0380093766715934	0.0380093766715934	0.0742859766426746	0.081714058539076	0.10918718430903	0.113100768449858	0.125724118711275	0.138414729724879	

