precision:	0.1	0.1	0.0666666666666667	0.075	0.06	0.05	0.0428571428571429	0.0625	0.0666666666666667	0.07	

MAP:	0.0609521430984643

NDCG:	0.1	0.1	0.0760187533431869	0.0798484858099498	0.0701930472165361	0.0633158385266383	0.0580765109835045	0.068276561296379	0.070296890835294	0.071998581988083	

