precision:	0	0.05	0.0333333333333333	0.05	0.04	0.0333333333333333	0.0428571428571429	0.0375	0.0333333333333333	0.03	

MAP:	0.0320080529535506

NDCG:	0	0.05	0.0380093766715934	0.0479090914859699	0.0421158283299217	0.037989503115983	0.0441686803445224	0.0419043771183289	0.0414152588048923	0.0410032822977879	

