precision:	0.1	0.1	0.166666666666667	0.125	0.1	0.1	0.0857142857142857	0.075	0.0777777777777778	0.08	

MAP:	0.0557047409660556

NDCG:	0.1	0.1	0.147962493313626	0.128163063684873	0.115565190016249	0.116389758547725	0.108743038977449	0.102651203494322	0.104009622317392	0.105153796695124	

