precision:	0	0	0	0.025	0.06	0.0833333333333333	0.0857142857142857	0.075	0.0777777777777778	0.07	

MAP:	0.0578058225009938

NDCG:	0	0	0	0.01596969716199	0.0425005569531046	0.0632785235213032	0.0696948268312364	0.0676194324650231	0.0722811215422485	0.0704785873546155	

