precision:	0	0.05	0.0666666666666667	0.05	0.04	0.0333333333333333	0.0428571428571429	0.05	0.0555555555555556	0.06	

MAP:	0.0711868164733661

NDCG:	0	0.05	0.0619906233284066	0.0520909085140302	0.045791971679718	0.0413054739701681	0.0461623921444398	0.0555144902663702	0.0591544659300789	0.0622203590252354	

