precision:	0	0	0.0333333333333333	0.05	0.08	0.1	0.1	0.0875	0.0888888888888889	0.08	

MAP:	0.0658209694431323

NDCG:	0	0	0.0239812466568131	0.0361212113520402	0.0602153097462081	0.079257662080816	0.0843517063364814	0.0812229210945276	0.0850182624164781	0.0824860174158351	

