precision:	0.3	0.25	0.166666666666667	0.125	0.14	0.116666666666667	0.1	0.0875	0.0888888888888889	0.08	

MAP:	0.101393741707448

NDCG:	0.3	0.25	0.202037506686374	0.183827559643533	0.200702980841234	0.192450330413357	0.186163137361596	0.181154382251645	0.18848388193728	0.186170753387297	

