precision:	0.2	0.15	0.133333333333333	0.15	0.16	0.15	0.128571428571429	0.1125	0.1	0.09	

MAP:	0.121316845266373

NDCG:	0.2	0.15	0.15	0.16596969716199	0.176130809433668	0.173570626668601	0.163345270693023	0.15584502243334	0.150267914219651	0.145570405460522	

