precision:	0	0.25	0.166666666666667	0.125	0.12	0.116666666666667	0.1	0.1	0.0888888888888889	0.09	

MAP:	0.0832415293675993

NDCG:	0	0.25	0.190046883357967	0.1596969716199	0.156340469860798	0.157764829351459	0.152670785095794	0.159259028660157	0.157294525611133	0.162632964954814	

