precision:	0.1	0.05	0.0666666666666667	0.05	0.04	0.05	0.0428571428571429	0.0375	0.0333333333333333	0.03	

MAP:	0.0439762430785276

NDCG:	0.1	0.05	0.0619906233284066	0.055920640980793	0.0520584655434276	0.0616634264230711	0.0595676954058176	0.0595676954058176	0.0595676954058176	0.0595676954058176	

