precision:	0	0.15	0.133333333333333	0.1	0.08	0.1	0.0857142857142857	0.0875	0.0777777777777778	0.09	

MAP:	0.0551865436930388

NDCG:	0	0.15	0.138009376671593	0.11596969716199	0.101946409452947	0.11261745968768	0.105008007581652	0.10613286804821	0.101147134178851	0.111128815717328	

