precision:	0	0.05	0.0333333333333333	0.05	0.04	0.05	0.0571428571428571	0.0625	0.0555555555555556	0.05	

MAP:	0.0452946166107199

NDCG:	0	0.05	0.0380093766715934	0.0509440826597766	0.0470819072224112	0.0541285876970276	0.0625991590626199	0.0674706968198747	0.065108659852843	0.0631191540163264	

