precision:	0.1	0.05	0.0666666666666667	0.05	0.04	0.0333333333333333	0.0285714285714286	0.025	0.0222222222222222	0.03	

MAP:	0.0679104145721285

NDCG:	0.1	0.05	0.0619906233284066	0.0581608908616437	0.055724129464697	0.055724129464697	0.055724129464697	0.055724129464697	0.055724129464697	0.0671660919593374	

