precision:	0	0	0	0	0	0	0	0	0	0.01	

MAP:	0.0204227154759914

NDCG:	0	0	0	0	0	0	0	0	0	0.00649051356347385	

