precision:	0	0.05	0.0333333333333333	0.05	0.06	0.05	0.0571428571428571	0.05	0.0444444444444444	0.05	

MAP:	0.0385194862218499

NDCG:	0	0.05	0.0380093766715934	0.0479090914859699	0.054208028320282	0.0488969620792563	0.0541735570866373	0.0511902027234483	0.0501097100656821	0.0642511282206327	

