precision:	0	0	0	0	0	0	0	0	0.0111111111111111	0.02	

MAP:	0.0543685472317701

NDCG:	0	0	0	0	0	0	0	0	0.00885737639655176	0.0184720921314096	

