precision:	0.1	0.05	0.0333333333333333	0.075	0.08	0.0666666666666667	0.0714285714285714	0.0625	0.0555555555555556	0.06	

MAP:	0.073472767442909

NDCG:	0.1	0.05	0.0380093766715934	0.0699487709955733	0.0781787955485683	0.0756186127835016	0.0850452068637953	0.0834913632084745	0.0822134245117975	0.0895891223328518	

