precision:	0.2	0.3	0.233333333333333	0.275	0.22	0.2	0.2	0.1875	0.166666666666667	0.16	

MAP:	0.133999399997468

NDCG:	0.2	0.3	0.252037506686374	0.278701659955696	0.249229670497191	0.241850506353471	0.249701542268808	0.249396892027498	0.244150894628818	0.254783774979426	

