precision:	0	0.05	0.0333333333333333	0.025	0.04	0.05	0.0428571428571429	0.0375	0.0444444444444444	0.05	

MAP:	0.0338612760792058

NDCG:	0	0.05	0.0380093766715934	0.0319393943239799	0.0401694188769748	0.0460313583245042	0.0422223056588593	0.0391877858268682	0.0469225891849848	0.0574190264219535	

