precision:	0.2	0.15	0.133333333333333	0.125	0.1	0.1	0.0857142857142857	0.075	0.0888888888888889	0.08	

MAP:	0.096645968021935

NDCG:	0.2	0.15	0.138009376671593	0.134974385497787	0.120951097788744	0.130305473489003	0.122696021382974	0.118303460433933	0.135538854994227	0.132496015631233	

