precision:	0.3	0.25	0.233333333333333	0.225	0.24	0.2	0.171428571428571	0.175	0.155555555555556	0.14	

MAP:	0.122970939060832

NDCG:	0.3	0.25	0.238009376671593	0.234974385497787	0.24899767320683	0.23234412949253	0.220559388381291	0.228267945544434	0.222736955957575	0.218078292177813	

