precision:	0	0.15	0.1	0.125	0.1	0.0833333333333333	0.0857142857142857	0.0875	0.0888888888888889	0.09	

MAP:	0.0833401536972975

NDCG:	0	0.15	0.126018753343187	0.14581818297194	0.134231656659843	0.125979006231966	0.135326757345377	0.139174593724326	0.144828003143257	0.149122461908094	

