precision:	0	0.1	0.133333333333333	0.1	0.1	0.0833333333333333	0.0857142857142857	0.075	0.0777777777777778	0.07	

MAP:	0.0764323283463833

NDCG:	0	0.1	0.123981246656813	0.10418181702806	0.103676143349796	0.0962692903795687	0.0989013672784142	0.0944059493532871	0.102699374122119	0.0995852830999637	

