precision:	0	0.05	0.1	0.1	0.12	0.116666666666667	0.114285714285714	0.125	0.111111111111111	0.1	

MAP:	0.0662108671427471

NDCG:	0	0.05	0.0859718699852197	0.0882121198660703	0.101729733896849	0.102745003139218	0.103518475102204	0.115834524913514	0.110839083181094	0.106631502765823	

