precision:	0.2	0.15	0.133333333333333	0.1	0.1	0.1	0.0857142857142857	0.075	0.0666666666666667	0.06	

MAP:	0.0833388648397989

NDCG:	0.2	0.15	0.15	0.137860035304773	0.142227884420402	0.151430151535125	0.147238689500618	0.143899519427317	0.142526390722622	0.141369826447631	

