precision:	0	0.05	0.0333333333333333	0.05	0.04	0.0333333333333333	0.0428571428571429	0.0625	0.0666666666666667	0.06	

MAP:	0.0532811350202322

NDCG:	0	0.05	0.0380093766715934	0.0479090914859699	0.0421158283299217	0.037989503115983	0.0431208148358957	0.0543957319958777	0.0573000719260509	0.0540173507499595	

