precision:	0	0.05	0.1	0.075	0.1	0.0833333333333333	0.0714285714285714	0.0625	0.0666666666666667	0.06	

MAP:	0.0766471819266831

NDCG:	0	0.05	0.0979624933136263	0.0903030283801005	0.113891453096004	0.110971097835327	0.110068515614168	0.109349464477173	0.12074871346125	0.120250608340106	

