precision:	0.2	0.15	0.1	0.1	0.1	0.0833333333333333	0.0714285714285714	0.0625	0.0666666666666667	0.07	

MAP:	0.0749729875295815

NDCG:	0.2	0.15	0.11402813001478	0.11178788013393	0.110362466093511	0.102300516376526	0.0972064721208607	0.0938673020475596	0.0988627437799797	0.105793409178177	

