precision:	0.1	0.15	0.133333333333333	0.125	0.1	0.0833333333333333	0.0714285714285714	0.0625	0.0555555555555556	0.05	

MAP:	0.0660912774324825

NDCG:	0.1	0.15	0.138009376671593	0.138009376671593	0.125917176681233	0.117304353757745	0.110742767160343	0.106568804568717	0.10313598280698	0.100244572119501	

