precision:	0	0.05	0.0666666666666667	0.1	0.12	0.1	0.1	0.1	0.0888888888888889	0.09	

MAP:	0.101940232022667

NDCG:	0	0.05	0.0619906233284066	0.0939300176523865	0.114252242195742	0.110316617692696	0.118695346264363	0.129811294832906	0.128533356136229	0.142508468660788	

