precision:	0	0.05	0.1	0.1	0.08	0.0833333333333333	0.0714285714285714	0.075	0.0666666666666667	0.06	

MAP:	0.0594013871711748

NDCG:	0	0.05	0.0859718699852197	0.0882121198660703	0.0775453339161287	0.0814809584191749	0.0783000944290473	0.0835095621744371	0.0814254513727094	0.0796700382856758	

