precision:	0	0.1	0.133333333333333	0.15	0.18	0.15	0.157142857142857	0.1625	0.144444444444444	0.13	

MAP:	0.0978972736872751

NDCG:	0	0.1	0.123981246656813	0.13612121135204	0.160215309746208	0.147306689824062	0.163557664043802	0.176654741568596	0.170637586422659	0.16556943319341	

