precision:	0	0.05	0.0666666666666667	0.075	0.06	0.05	0.0428571428571429	0.0375	0.0333333333333333	0.03	

MAP:	0.026879396594914

NDCG:	0	0.05	0.0619906233284066	0.0680606056760201	0.0598305811230252	0.0539686416754958	0.0495027860953478	0.0459450176646314	0.0430189768523145	0.0405544196268169	

