precision:	0.2	0.1	0.133333333333333	0.125	0.12	0.1	0.1	0.1	0.111111111111111	0.1	

MAP:	0.130872294522996

NDCG:	0.2	0.1	0.13597186998522	0.141247111039877	0.144603612798979	0.137196759828751	0.139828836727596	0.144097773575131	0.15923051978315	0.155704452253889	

