precision:	0.1	0.2	0.233333333333333	0.225	0.2	0.216666666666667	0.185714285714286	0.1625	0.144444444444444	0.13	

MAP:	0.115288030442719

NDCG:	0.1	0.2	0.223981246656813	0.223186505363857	0.213025393092179	0.231756490683858	0.220063592366543	0.211801719067185	0.206379976511739	0.201813329753578	

