precision:	0.2	0.1	0.0666666666666667	0.075	0.08	0.1	0.0857142857142857	0.1	0.122222222222222	0.11	

MAP:	0.100157265709221

NDCG:	0.2	0.1	0.0760187533431869	0.0828834769837565	0.087251326099386	0.101224133016582	0.0974150803509368	0.109473624560442	0.13275477093251	0.130806597132977	

