precision:	0	0	0	0	0	0	0	0	0.0111111111111111	0.02	

MAP:	0.0447176019596904

NDCG:	0	0	0	0	0	0	0	0	0.00680174431475225	0.0125307444115199	

