precision:	0.2	0.1	0.1	0.075	0.08	0.116666666666667	0.1	0.1	0.0888888888888889	0.08	

MAP:	0.0965912232551561

NDCG:	0.2	0.1	0.1	0.0901002851856236	0.0958935483416718	0.129160077867913	0.123218026720767	0.127036173602282	0.123807788879975	0.121088572230448	

