precision:	0	0	0	0	0	0.0166666666666667	0.0285714285714286	0.0375	0.0333333333333333	0.03	

MAP:	0.0328519716029416

NDCG:	0	0	0	0	0	0.00979756395057558	0.0267971838787437	0.033338306672649	0.032349398410312	0.0315164568487871	

