precision:	0.2	0.1	0.1	0.1	0.08	0.0833333333333333	0.0857142857142857	0.075	0.0666666666666667	0.06	

MAP:	0.0775528257872926

NDCG:	0.2	0.1	0.1	0.1	0.0879078000096396	0.0908281552703174	0.0951487275629971	0.0914037481601332	0.0896968668002439	0.0882591880191159	

