precision:	0.2	0.15	0.1	0.075	0.08	0.0666666666666667	0.0714285714285714	0.0625	0.0555555555555556	0.06	

MAP:	0.0716795646392533

NDCG:	0.2	0.15	0.126018753343187	0.11387878864796	0.118246637763589	0.112744870811671	0.122092621925082	0.11875345185178	0.117380323147086	0.127665721366735	

