precision:	0	0	0	0	0	0.0166666666666667	0.0142857142857143	0.025	0.0222222222222222	0.03	

MAP:	0.0496034401468006

NDCG:	0	0	0	0	0	0.0108617509456255	0.0108617509456255	0.0180487573978759	0.0180487573978759	0.0237777574946436	

