precision:	0.1	0.1	0.0666666666666667	0.05	0.04	0.0333333333333333	0.0714285714285714	0.075	0.0777777777777778	0.07	

MAP:	0.0493327430111591

NDCG:	0.1	0.1	0.0760187533431869	0.0638787886479598	0.0561544377732289	0.0506526708213106	0.0712859335241824	0.0739443335240458	0.0777516991993083	0.0742290962101188	

