precision:	0.1	0.15	0.133333333333333	0.125	0.1	0.0833333333333333	0.0714285714285714	0.075	0.0777777777777778	0.07	

MAP:	0.0570054611974031

NDCG:	0.1	0.15	0.138009376671593	0.13193939432398	0.115985018896254	0.104621312496806	0.0959639948821514	0.0979236478670349	0.100495208534414	0.0964885656089279	

