precision:	0	0.05	0.0333333333333333	0.05	0.04	0.0333333333333333	0.0428571428571429	0.05	0.0555555555555556	0.07	

MAP:	0.0602960769383747

NDCG:	0	0.05	0.0380093766715934	0.0479090914859699	0.0421158283299217	0.0407403865919421	0.0479674293291083	0.0542814534190407	0.0594743411903716	0.0703387407995078	

