precision:	0.1	0.05	0.0333333333333333	0.025	0.06	0.05	0.0571428571428571	0.05	0.0555555555555556	0.06	

MAP:	0.040024987428596

NDCG:	0.1	0.05	0.0380093766715934	0.0319393943239799	0.0522616188673352	0.0471412533372019	0.0515152661234246	0.0478128606232401	0.0511364353535643	0.0539358290194428	

