precision:	0.1	0.05	0.0666666666666667	0.075	0.06	0.05	0.0428571428571429	0.0375	0.0333333333333333	0.03	

MAP:	0.0385819223827444

NDCG:	0.1	0.05	0.0619906233284066	0.0680606056760201	0.0598305811230252	0.0557042559090865	0.0525606593832062	0.0500562818282304	0.0479965887711884	0.0462617423587009	

