precision:	0	0.05	0.0333333333333333	0.05	0.04	0.0333333333333333	0.0571428571428571	0.075	0.0666666666666667	0.06	

MAP:	0.0663296086159795

NDCG:	0	0.05	0.0380093766715934	0.0539790738335834	0.0520479861149007	0.0506725443769211	0.0714388002620048	0.0873901614869171	0.086443333605249	0.0856458356731474	

