precision:	0	0.1	0.133333333333333	0.125	0.1	0.0833333333333333	0.1	0.1	0.0888888888888889	0.08	

MAP:	0.0656115240611578

NDCG:	0	0.1	0.123981246656813	0.12015151419005	0.10805931419969	0.10357281649014	0.116704642910205	0.120573955260521	0.118760779623578	0.117233570878466	

