precision:	0.1	0.1	0.1	0.1	0.08	0.0666666666666667	0.0714285714285714	0.0625	0.0666666666666667	0.07	

MAP:	0.0695506079959074

NDCG:	0.1	0.1	0.1	0.103034991173807	0.0928738789021291	0.0873721119502109	0.0914555581614968	0.0875216698986527	0.0976500462089281	0.1018105055236	

