precision:	0	0	0.0333333333333333	0.025	0.02	0.0666666666666667	0.0714285714285714	0.075	0.0777777777777778	0.09	

MAP:	0.0769213354246722

NDCG:	0	0	0.0239812466568131	0.0201515141900502	0.0177147527931035	0.0453718304112396	0.0498922613210657	0.0541393913913425	0.0576323888033034	0.0729122851931833	

