precision:	0	0.1	0.133333333333333	0.15	0.14	0.116666666666667	0.128571428571429	0.1375	0.122222222222222	0.11	

MAP:	0.0743518589658343

NDCG:	0	0.1	0.123981246656813	0.13612121135204	0.134190123633357	0.125768001420761	0.136949380111041	0.146451855258287	0.142396250407016	0.138980279516285	

