precision:	0.1	0.2	0.266666666666667	0.225	0.24	0.233333333333333	0.214285714285714	0.2125	0.2	0.19	

MAP:	0.157305110725868

NDCG:	0.1	0.2	0.247962493313626	0.234233046032487	0.249681747781949	0.256978928878362	0.252238679752573	0.259018178987428	0.262390216584169	0.265195866297118	

