precision:	0	0	0.0333333333333333	0.025	0.08	0.0666666666666667	0.0714285714285714	0.0875	0.1	0.13	

MAP:	0.0888849935663987

NDCG:	0	0	0.0239812466568131	0.0201515141900502	0.0582689002932612	0.0553485450325835	0.0613986120029502	0.0734054647051721	0.0842402153454052	0.123301702757112	

