precision:	0.2	0.15	0.133333333333333	0.125	0.12	0.1	0.0857142857142857	0.075	0.0666666666666667	0.06	

MAP:	0.0580969930373894

NDCG:	0.2	0.15	0.138009376671593	0.13193939432398	0.128077218886614	0.11552877146008	0.105968871624266	0.0983528819832533	0.0920892094172175	0.0868134185205925	

