precision:	0	0	0.0333333333333333	0.025	0.04	0.0833333333333333	0.0714285714285714	0.0875	0.0777777777777778	0.09	

MAP:	0.0761712024497006

NDCG:	0	0	0.0239812466568131	0.0239812466568131	0.0360734466471735	0.0653455844668631	0.0628215233912387	0.0813133872720131	0.0797331046653464	0.0991825578626441	

