precision:	0.1	0.1	0.0666666666666667	0.075	0.06	0.05	0.0714285714285714	0.1	0.0888888888888889	0.08	

MAP:	0.0658806769069725

NDCG:	0.1	0.1	0.0760187533431869	0.0798484858099498	0.0701930472165361	0.0633158385266383	0.079890632377215	0.100944935332378	0.0977095596095521	0.0949844545524643	

