precision:	0	0.05	0.0333333333333333	0.025	0.08	0.0666666666666667	0.1	0.1125	0.111111111111111	0.12	

MAP:	0.101922532364852

NDCG:	0	0.05	0.0380093766715934	0.0380093766715934	0.0742859766426746	0.0719164945885004	0.100200359785687	0.111946834037111	0.124643673424402	0.137396183149536	

