precision:	0	0	0	0	0	0	0	0	0.0111111111111111	0.01	

MAP:	0.0213828608809267

NDCG:	0	0	0	0	0	0	0	0	0.00680174431475225	0.00680174431475225	

