precision:	0	0	0.0333333333333333	0.025	0.06	0.05	0.0571428571428571	0.0625	0.0666666666666667	0.06	

MAP:	0.0478958860615267

NDCG:	0	0	0.0239812466568131	0.0201515141900502	0.0461767003029009	0.0432563450422231	0.0502089942337482	0.0602607408188653	0.0675891805714878	0.0675891805714878	

