precision:	0.1	0.05	0.1	0.1	0.08	0.0666666666666667	0.0571428571428571	0.0625	0.0555555555555556	0.05	

MAP:	0.0328559675210824

NDCG:	0.1	0.05	0.0859718699852197	0.0882121198660703	0.0775453339161287	0.0716833944685993	0.0672175388884513	0.0708467769099853	0.0679207360976684	0.0654561788721709	

