precision:	0.2	0.1	0.133333333333333	0.1	0.08	0.1	0.1	0.1	0.1	0.09	

MAP:	0.0915895886924955

NDCG:	0.2	0.1	0.131546487678573	0.115576790516583	0.105415678244905	0.122679895076613	0.126726073823652	0.129949502515623	0.136462504581126	0.134487875699487	

