precision:	0.1	0.05	0.0333333333333333	0.025	0.04	0.05	0.0428571428571429	0.05	0.0555555555555556	0.05	

MAP:	0.0445395225143255

NDCG:	0.1	0.05	0.0380093766715934	0.0319393943239799	0.0401694188769748	0.0460313583245042	0.0422223056588593	0.0525766291877282	0.0600608768795853	0.0589043126045936	

