precision:	0.1	0.05	0.0333333333333333	0.025	0.02	0.05	0.0571428571428571	0.05	0.0444444444444444	0.04	

MAP:	0.0514531148094949

NDCG:	0.1	0.05	0.0380093766715934	0.0319393943239799	0.0280772188866144	0.0459856503068564	0.0551762180410405	0.0551762180410405	0.0551762180410405	0.0551762180410405	

