precision:	0	0	0	0	0	0	0.0142857142857143	0.0125	0.0111111111111111	0.01	

MAP:	0.0226426537277506

NDCG:	0	0	0	0	0	0	0.00827490824579292	0.00768019005624998	0.00768019005624998	0.00768019005624998	

