precision:	0	0	0.0333333333333333	0.05	0.04	0.05	0.0428571428571429	0.0375	0.0444444444444444	0.05	

MAP:	0.0520388722179503

NDCG:	0	0	0.0239812466568131	0.0361212113520402	0.0317533622364107	0.0401754844490068	0.038316879513147	0.0368362033364767	0.0436080095697803	0.0540242697903971	

