precision:	0	0	0.0333333333333333	0.075	0.06	0.0666666666666667	0.0571428571428571	0.05	0.0444444444444444	0.04	

MAP:	0.0260851839909346

NDCG:	0	0	0.0239812466568131	0.0551258996878369	0.0507580505722075	0.0574445585512128	0.0542636945610852	0.0517296275086744	0.0496455167069467	0.0478901036199131	

