precision:	0.1	0.2	0.166666666666667	0.15	0.16	0.133333333333333	0.114285714285714	0.1	0.0888888888888889	0.08	

MAP:	0.0836604846245542

NDCG:	0.1	0.2	0.176018753343187	0.169948770995573	0.178178795548568	0.168741404093604	0.161551628820685	0.156542873710733	0.152423487596649	0.148953794771674	

