precision:	0	0	0.0333333333333333	0.025	0.02	0.0166666666666667	0.0142857142857143	0.0125	0.0111111111111111	0.01	

MAP:	0.0193343979110294

NDCG:	0	0	0.0239812466568131	0.0201515141900502	0.0177147527931035	0.0159791385595128	0.014656879505245	0.014656879505245	0.014656879505245	0.014656879505245	

