precision:	0	0.05	0.0666666666666667	0.075	0.08	0.0666666666666667	0.0571428571428571	0.0625	0.0777777777777778	0.08	

MAP:	0.0777749026268521

NDCG:	0	0.05	0.0739812466568131	0.0861212113520402	0.0981231097558477	0.0950120537842775	0.0926419292213829	0.0979407522795675	0.112777076280022	0.122525524399159	

