precision:	0	0.05	0.0666666666666667	0.1	0.1	0.0833333333333333	0.0714285714285714	0.0625	0.0666666666666667	0.06	

MAP:	0.0498921737511845

NDCG:	0	0.05	0.0619906233284066	0.0840303028380101	0.0859613905566928	0.0792748825776875	0.0750834205431805	0.0717442504698794	0.0847712368997765	0.0824581083497931	

