precision:	0	0.1	0.1	0.075	0.06	0.05	0.0428571428571429	0.0375	0.0333333333333333	0.03	

MAP:	0.0506633889990118

NDCG:	0	0.1	0.1	0.0901002851856236	0.0838013483513114	0.0810504648753523	0.0789547338580988	0.0772851488214482	0.0759120201167535	0.0747554558417619	

