precision:	0	0.05	0.133333333333333	0.175	0.16	0.183333333333333	0.157142857142857	0.1375	0.122222222222222	0.12	

MAP:	0.161678877772233

NDCG:	0	0.05	0.156630086364125	0.232499498340492	0.236867347456121	0.267038281849935	0.261133498167037	0.259652821990366	0.258435058943913	0.264402465409707	

