precision:	0.1	0.15	0.1	0.1	0.08	0.0833333333333333	0.1	0.1	0.1	0.1	

MAP:	0.0779957170428776

NDCG:	0.1	0.15	0.11402813001478	0.114822871307736	0.10323634499564	0.105845445513388	0.125643520062822	0.132356096574638	0.141111344180218	0.144115239219898	

