precision:	0.3	0.2	0.133333333333333	0.125	0.14	0.15	0.142857142857143	0.125	0.111111111111111	0.1	

MAP:	0.20476245347845

NDCG:	0.3	0.25	0.21402813001478	0.251888165319553	0.277789842338852	0.290698462260998	0.29225784739666	0.288628609375126	0.285643789318559	0.283129723278791	

