precision:	0.4	0.3	0.233333333333333	0.2	0.16	0.15	0.128571428571429	0.125	0.122222222222222	0.12	

MAP:	0.198033177135269

NDCG:	0.4	0.3	0.26402813001478	0.251888165319553	0.232071614454462	0.227754588529631	0.216190800470489	0.245539080072176	0.249590063721304	0.261881014817992	

