precision:	0.3	0.2	0.133333333333333	0.1	0.1	0.0833333333333333	0.0714285714285714	0.075	0.0666666666666667	0.06	

MAP:	0.171447583173521

NDCG:	0.3	0.25	0.226018753343187	0.21387878864796	0.218246637763589	0.211560129784584	0.206466085528919	0.214209620326719	0.214209620326719	0.214209620326719	

