precision:	0.4	0.2	0.133333333333333	0.125	0.1	0.0833333333333333	0.0857142857142857	0.075	0.0666666666666667	0.06	

MAP:	0.165756571131069

NDCG:	0.4	0.2	0.16402813001478	0.167857862481543	0.15820242388813	0.151325215198232	0.157462929465177	0.155793344428526	0.154420215723832	0.15326365144884	

