precision:	0.2	0.1	0.1	0.1	0.14	0.133333333333333	0.114285714285714	0.1125	0.122222222222222	0.11	

MAP:	0.163293131352276

NDCG:	0.2	0.1	0.111990623328407	0.11806060567602	0.147770529518146	0.154243142083084	0.147972122060619	0.154996605721424	0.173724294458124	0.17322618933698	

