precision:	0.2	0.1	0.1	0.075	0.06	0.05	0.0428571428571429	0.0375	0.0333333333333333	0.03	

MAP:	0.0993926927791773

NDCG:	0.2	0.1	0.111990623328407	0.10209090851403	0.095791971679718	0.0913054739701681	0.0878874838986468	0.0851645079862558	0.0829250315262862	0.0810387564382845	

