precision:	0.2	0.3	0.266666666666667	0.2	0.16	0.133333333333333	0.114285714285714	0.1125	0.1	0.09	

MAP:	0.226573604321768

NDCG:	0.2	0.35	0.35756524102176	0.329455579164543	0.311570116018134	0.298830967880707	0.289125784757425	0.292973621136374	0.289769654158754	0.287071004183773	

