precision:	0.2	0.25	0.266666666666667	0.225	0.24	0.2	0.185714285714286	0.1625	0.144444444444444	0.14	

MAP:	0.25582455181999

NDCG:	0.2	0.3	0.375083598685552	0.371253866218789	0.406720680244949	0.395187502060783	0.394675982433748	0.393122138778427	0.39184420008175	0.397760921562928	

