precision:	0.2	0.25	0.2	0.15	0.12	0.1	0.1	0.0875	0.0888888888888889	0.08	

MAP:	0.129930412886296

NDCG:	0.2	0.25	0.226018753343187	0.203979073833583	0.18995578612454	0.179967521463072	0.180632977602837	0.178963392566186	0.183958834298606	0.18243741461711	

