precision:	0.2	0.15	0.133333333333333	0.1	0.1	0.116666666666667	0.1	0.0875	0.0888888888888889	0.08	

MAP:	0.138723422279132

NDCG:	0.2	0.15	0.15	0.13403030283801	0.135961390556693	0.156679472656399	0.149452429919233	0.148733378782238	0.160132627766315	0.159634522645171	

