precision:	0.5	0.35	0.233333333333333	0.225	0.2	0.183333333333333	0.185714285714286	0.1625	0.155555555555556	0.15	

MAP:	0.236675142606471

NDCG:	0.5	0.35	0.278056260029561	0.279645742615473	0.26856488998164	0.263230692454401	0.293649351086317	0.288880670305148	0.292287169982597	0.304035282571212	

