precision:	0.2	0.15	0.1	0.1	0.08	0.0666666666666667	0.0571428571428571	0.05	0.0444444444444444	0.04	

MAP:	0.0757145290470259

NDCG:	0.2	0.15	0.11402813001478	0.117857862481543	0.10820242388813	0.104076098674191	0.100932502148311	0.0984281245933348	0.0963684315362928	0.0946335851238053	

