precision:	0	0	0	0	0	0	0	0.0125	0.0111111111111111	0.01	

MAP:	0.0268213865976633

NDCG:	0	0	0	0	0	0	0	0.0333333333333333	0.0333333333333333	0.0333333333333333	

