precision:	0.2	0.1	0.0666666666666667	0.075	0.06	0.05	0.0428571428571429	0.0375	0.0333333333333333	0.04	

MAP:	0.180948326169509

NDCG:	0.2	0.15	0.15	0.16596969716199	0.164038609443307	0.162663167705328	0.161615302196701	0.160780509678376	0.160093945326028	0.1652446632853	

