precision:	0.2	0.25	0.233333333333333	0.175	0.22	0.183333333333333	0.157142857142857	0.15	0.144444444444444	0.14	

MAP:	0.226104863181346

NDCG:	0.2	0.3	0.351102352028739	0.335132654866749	0.388722866422939	0.380300744210343	0.37388444090041	0.380352396215665	0.385671882740218	0.39403811652243	

