precision:	0.1	0.1	0.133333333333333	0.1	0.12	0.1	0.1	0.0875	0.0777777777777778	0.07	

MAP:	0.0656992051010309

NDCG:	0.1	0.1	0.123981246656813	0.108011549494823	0.131476465117176	0.12305434290458	0.124912947840439	0.12192959347725	0.119475972114789	0.117409326211549	

