precision:	0.1	0.05	0.0333333333333333	0.025	0.02	0.0333333333333333	0.0285714285714286	0.025	0.0333333333333333	0.03	

MAP:	0.0336878112469246

NDCG:	0.1	0.05	0.0380093766715934	0.0319393943239799	0.0280772188866144	0.0446689757723824	0.0425732447551289	0.0425732447551289	0.0489418151922437	0.0485769597857387	

