precision:	0	0	0.0666666666666667	0.1	0.08	0.1	0.0857142857142857	0.075	0.0666666666666667	0.07	

MAP:	0.0456338996304812

NDCG:	0	0	0.0479624933136263	0.0722424227040804	0.0635067244728215	0.0794380208358592	0.073887032282837	0.0713529652304262	0.0692688544286985	0.0732424414384326	

