precision:	0.1	0.05	0.1	0.1	0.1	0.0833333333333333	0.0714285714285714	0.075	0.0666666666666667	0.06	

MAP:	0.0896392568025114

NDCG:	0.1	0.05	0.0979624933136263	0.10627272554209	0.111560315019875	0.105528903787627	0.100933937949306	0.107624081871366	0.106757734116091	0.106028023303081	

