precision:	0.4	0.25	0.166666666666667	0.125	0.1	0.0833333333333333	0.0714285714285714	0.0625	0.0555555555555556	0.05	

MAP:	0.205131245279219

NDCG:	0.4	0.3	0.252037506686374	0.239897541991147	0.232173191116416	0.226671424164497	0.22247996212999	0.22081037709334	0.219437248388645	0.218280684113654	

