precision:	0.1	0.1	0.0666666666666667	0.075	0.08	0.0666666666666667	0.0571428571428571	0.0625	0.0666666666666667	0.06	

MAP:	0.0542737894801954

NDCG:	0.1	0.1	0.0760187533431869	0.0798484858099498	0.0822852472068965	0.0742232974899116	0.0680813877256195	0.0744336016595446	0.0833650848339909	0.0824012812714978	

