precision:	0.2	0.25	0.2	0.175	0.18	0.15	0.142857142857143	0.1375	0.122222222222222	0.11	

MAP:	0.209398913988975

NDCG:	0.2	0.3	0.327121105371926	0.324880855491075	0.344989269354326	0.334176436161382	0.33421370362563	0.343900141486305	0.341446520123844	0.339379874220604	

