precision:	0.2	0.1	0.0666666666666667	0.075	0.08	0.0666666666666667	0.0571428571428571	0.05	0.0444444444444444	0.04	

MAP:	0.0883429268515232

NDCG:	0.2	0.1	0.0880093766715934	0.0979090914859699	0.104208028320282	0.0988969620792563	0.0948507833322177	0.0940159908138924	0.093329426461545	0.0927511443240492	

