precision:	0	0.05	0.1	0.1	0.08	0.0666666666666667	0.0571428571428571	0.0625	0.0666666666666667	0.06	

MAP:	0.0526264811393786

NDCG:	0	0.05	0.0859718699852197	0.0882121198660703	0.0775453339161287	0.0699477802350086	0.0641596656005928	0.0708498095226529	0.0763520322044928	0.0752574659849777	

