precision:	0.1	0.05	0.0333333333333333	0.05	0.04	0.0333333333333333	0.0285714285714286	0.025	0.0222222222222222	0.02	

MAP:	0.0661955828082168

NDCG:	0.1	0.05	0.05	0.0659696971619899	0.0640386094433072	0.0626631677053276	0.0616153021967009	0.0616153021967009	0.0616153021967009	0.0616153021967009	

