precision:	0.1	0.2	0.166666666666667	0.15	0.16	0.133333333333333	0.142857142857143	0.125	0.111111111111111	0.11	

MAP:	0.201884786200826

NDCG:	0.1	0.25	0.289111728700333	0.292941461167095	0.316912050467712	0.308850100750727	0.324522312380145	0.321538958016956	0.319085336654496	0.328460653245896	

