precision:	0.2	0.15	0.1	0.1	0.1	0.0833333333333333	0.1	0.0875	0.0777777777777778	0.07	

MAP:	0.111029375339896

NDCG:	0.2	0.2	0.176018753343187	0.17984848580995	0.184216334925579	0.177529826946574	0.19208773274678	0.190773963420242	0.189693470762476	0.188783389134227	

