precision:	0.3	0.3	0.233333333333333	0.25	0.2	0.166666666666667	0.142857142857143	0.125	0.111111111111111	0.11	

MAP:	0.154852445572058

NDCG:	0.3	0.3	0.252037506686374	0.29372727445791	0.271979635874136	0.256489604260749	0.244688690120214	0.241130921689498	0.238204880877181	0.241469323748451	

