precision:	0.2	0.1	0.0666666666666667	0.075	0.06	0.05	0.0428571428571429	0.05	0.0444444444444444	0.04	

MAP:	0.0539490054040638

NDCG:	0.2	0.1	0.0760187533431869	0.0798484858099498	0.0701930472165361	0.0633158385266383	0.0580765109835045	0.0644287249174297	0.0632844509968508	0.0623206474343577	

