precision:	0	0	0	0.025	0.02	0.0166666666666667	0.0142857142857143	0.0125	0.0222222222222222	0.02	

MAP:	0.0239437353784007

NDCG:	0	0	0	0.01596969716199	0.01596969716199	0.01596969716199	0.01596969716199	0.01596969716199	0.0223382675991048	0.0219734121925997	

