precision:	0.2	0.25	0.2	0.15	0.12	0.1	0.1	0.0875	0.0888888888888889	0.08	

MAP:	0.138576868224252

NDCG:	0.2	0.25	0.21402813001478	0.191988450505177	0.177965162796134	0.167976898134666	0.16864235427443	0.16697276923778	0.1719682109702	0.170446791288703	

