precision:	0.1	0.05	0.0666666666666667	0.05	0.04	0.05	0.0428571428571429	0.0375	0.0444444444444444	0.04	

MAP:	0.0483087714179347

NDCG:	0.1	0.05	0.0619906233284066	0.0520909085140302	0.0482287330766647	0.0552754135512811	0.0523689431067946	0.0517230594484496	0.0669651045936306	0.0665176844571028	

