precision:	0.2	0.15	0.1	0.1	0.08	0.0833333333333333	0.0714285714285714	0.075	0.0666666666666667	0.06	

MAP:	0.096093909272561

NDCG:	0.2	0.15	0.126018753343187	0.12984848580995	0.120193047216536	0.123113402477214	0.117063335506847	0.123604458300752	0.122615550038415	0.121782608476891	

