precision:	0	0.05	0.0333333333333333	0.025	0.06	0.0833333333333333	0.0714285714285714	0.0625	0.0555555555555556	0.05	

MAP:	0.0393363619432053

NDCG:	0	0.05	0.0380093766715934	0.0319393943239799	0.0617032467806445	0.0799210305837765	0.0761119779181316	0.074747043122791	0.0736244700843559	0.0726789448266841	

