precision:	0.2	0.1	0.1	0.075	0.06	0.05	0.0571428571428571	0.05	0.0444444444444444	0.05	

MAP:	0.0552328218586804

NDCG:	0.2	0.1	0.1	0.0840303028380101	0.0738691905663324	0.0666318093808234	0.0693929965378416	0.0677448874725581	0.0663894214038467	0.0709767341804999	

