precision:	0	0.05	0.0333333333333333	0.05	0.04	0.0333333333333333	0.0285714285714286	0.0375	0.0333333333333333	0.03	

MAP:	0.0229204754540356

NDCG:	0	0.05	0.0380093766715934	0.0479090914859699	0.0421158283299217	0.037989503115983	0.0348459065901027	0.0395285354873773	0.0370111328621038	0.034890765024619	

