precision:	0	0.1	0.133333333333333	0.1	0.1	0.0833333333333333	0.0714285714285714	0.0625	0.0555555555555556	0.05	

MAP:	0.039672518712474

NDCG:	0	0.1	0.123981246656813	0.10418181702806	0.103676143349796	0.0935184069036096	0.0857798445394086	0.082337817490022	0.0795069666857228	0.077122586476577	

