precision:	0	0.1	0.1	0.075	0.06	0.05	0.0571428571428571	0.05	0.0555555555555556	0.06	

MAP:	0.043770829522232

NDCG:	0	0.1	0.1	0.0840303028380101	0.0738691905663324	0.0666318093808234	0.0693929965378416	0.0677448874725581	0.0737178611564692	0.0783051739331224	

