precision:	0.1	0.15	0.1	0.1	0.1	0.1	0.0857142857142857	0.075	0.0666666666666667	0.06	

MAP:	0.158128957335048

NDCG:	0.1	0.2	0.188009376671593	0.19790909148597	0.208485575849359	0.214156814585996	0.210202478632882	0.209367686114557	0.20868112176221	0.208102839624714	

