precision:	0.2	0.15	0.1	0.1	0.08	0.0666666666666667	0.0571428571428571	0.05	0.0444444444444444	0.04	

MAP:	0.0498140873900692

NDCG:	0.2	0.15	0.11402813001478	0.11178788013393	0.0982702661031506	0.0886421739372936	0.0813071153769064	0.0788027378219305	0.0767430447648885	0.075008198352401	

