precision:	0	0	0.0333333333333333	0.05	0.08	0.0666666666666667	0.0571428571428571	0.05	0.0555555555555556	0.05	

MAP:	0.0501528899752794

NDCG:	0	0	0.0239812466568131	0.0361212113520402	0.0673104778491235	0.0643901225884458	0.0621652813130196	0.0603928393002835	0.0653036876377938	0.0637110162971346	

