precision:	0.1	0.15	0.133333333333333	0.1	0.08	0.0666666666666667	0.0571428571428571	0.05	0.0555555555555556	0.06	

MAP:	0.0939335026410169

NDCG:	0.1	0.15	0.189111728700333	0.176971764005106	0.169247413130375	0.163745646178456	0.159554184143949	0.157884599107299	0.163839910155227	0.168412345977003	

