precision:	0.1	0.15	0.166666666666667	0.125	0.14	0.133333333333333	0.114285714285714	0.1125	0.111111111111111	0.1	

MAP:	0.0860734501710262

NDCG:	0.1	0.15	0.161990623328407	0.13612121135204	0.15328719014008	0.15017613416851	0.139531101359823	0.143905776586887	0.147503671869927	0.144805121238892	

