precision:	0	0	0	0	0	0	0	0	0	0.01	

MAP:	0.0123556242268429

NDCG:	0	0	0	0	0	0	0	0	0	0.00699310873981741	

