precision:	0.1	0.05	0.0333333333333333	0.025	0.02	0.0166666666666667	0.0285714285714286	0.025	0.0333333333333333	0.03	

MAP:	0.0678345424466198

NDCG:	0.1	0.05	0.05	0.05	0.05	0.05	0.0582749082457929	0.0582749082457929	0.0646434786829077	0.0642786232764027	

