precision:	0	0.05	0.0666666666666667	0.075	0.06	0.05	0.0571428571428571	0.05	0.0444444444444444	0.04	

MAP:	0.0306024944921482

NDCG:	0	0.05	0.0619906233284066	0.0680606056760201	0.0598305811230252	0.0539686416754958	0.0577776943411407	0.0569429018228154	0.0562563374704681	0.0556780553329722	

