precision:	0.1	0.05	0.0333333333333333	0.05	0.04	0.0333333333333333	0.0285714285714286	0.0375	0.0444444444444444	0.05	

MAP:	0.0865210965766417

NDCG:	0.1	0.05	0.05	0.0659696971619899	0.0640386094433072	0.0626631677053276	0.0616153021967009	0.067967516130626	0.0741516819626697	0.0789168784969443	

