precision:	0.1	0.15	0.133333333333333	0.125	0.12	0.1	0.1	0.0875	0.0888888888888889	0.08	

MAP:	0.104245481865859

NDCG:	0.1	0.15	0.138009376671593	0.1410443678454	0.142975455564083	0.134553333351487	0.136411938287347	0.135692887150351	0.141470083243136	0.140607122715487	

