precision:	0.1	0.2	0.166666666666667	0.175	0.14	0.133333333333333	0.114285714285714	0.1125	0.1	0.09	

MAP:	0.147215407509828

NDCG:	0.1	0.25	0.238009376671593	0.253979073833583	0.248185810677535	0.253857049414172	0.249902713461059	0.263419118914405	0.260828227163257	0.258645960614242	

