precision:	0.1	0.1	0.1	0.1	0.08	0.0666666666666667	0.0714285714285714	0.0625	0.0555555555555556	0.05	

MAP:	0.0631300507066437

NDCG:	0.1	0.1	0.1	0.1	0.0879078000096396	0.0792949770861511	0.0810082987345425	0.0801735062162172	0.0794869418638699	0.0789086597263741	

