precision:	0.2	0.15	0.1	0.075	0.08	0.0666666666666667	0.0571428571428571	0.05	0.0444444444444444	0.05	

MAP:	0.0561364378059056

NDCG:	0.2	0.15	0.11402813001478	0.0958181829719397	0.105765484563513	0.0975128341356356	0.0912256410838751	0.0895560560472246	0.0881829273425299	0.0927553631643059	

