precision:	0.1	0.05	0.0666666666666667	0.05	0.04	0.0333333333333333	0.0428571428571429	0.05	0.0666666666666667	0.07	

MAP:	0.0904922634925684

NDCG:	0.1	0.05	0.0619906233284066	0.0520909085140302	0.045791971679718	0.0413054739701681	0.0461623921444398	0.0528525360664998	0.0908611157424203	0.0971245136692277	

