precision:	0.1	0.1	0.0666666666666667	0.1	0.12	0.116666666666667	0.128571428571429	0.125	0.111111111111111	0.1	

MAP:	0.109221328945785

NDCG:	0.1	0.1	0.0760187533431869	0.10492315649336	0.123314293318033	0.126616050000495	0.137406366096651	0.143998654359359	0.143051826477691	0.142254328545589	

