precision:	0.1	0.1	0.0666666666666667	0.075	0.08	0.0666666666666667	0.0714285714285714	0.0625	0.0555555555555556	0.05	

MAP:	0.0621971339145559

NDCG:	0.1	0.1	0.0760187533431869	0.0798484858099498	0.0822852472068965	0.0742232974899116	0.0763562959714124	0.0757615777818695	0.0752724594684329	0.0748604829613285	

