precision:	0.2	0.2	0.133333333333333	0.1	0.1	0.0833333333333333	0.0714285714285714	0.075	0.0666666666666667	0.06	

MAP:	0.141708699954366

NDCG:	0.2	0.25	0.21402813001478	0.19581818297194	0.196323856650204	0.186886465195239	0.17969668992232	0.195644305451992	0.195052931107662	0.194554825986518	

