precision:	0.1	0.1	0.0666666666666667	0.05	0.08	0.0666666666666667	0.0571428571428571	0.05	0.0444444444444444	0.04	

MAP:	0.0778079475096707

NDCG:	0.1	0.1	0.0760187533431869	0.0638787886479598	0.0897804656672589	0.0830939576882536	0.0779999134325882	0.0779999134325882	0.0779999134325882	0.0779999134325882	

