precision:	0.2	0.3	0.266666666666667	0.225	0.18	0.15	0.128571428571429	0.1125	0.1	0.09	

MAP:	0.114327397451417

NDCG:	0.2	0.3	0.276018753343187	0.24790909148597	0.224230365183513	0.207364891832147	0.194516112182985	0.190958343752269	0.188032302939952	0.185567745714454	

