precision:	0.2	0.1	0.0666666666666667	0.05	0.04	0.0333333333333333	0.0428571428571429	0.0375	0.0333333333333333	0.04	

MAP:	0.0956431845184566

NDCG:	0.2	0.1	0.0880093766715934	0.0819393943239799	0.0780772188866145	0.0753263354106553	0.0815055126391947	0.0809107944496518	0.0804216761362152	0.0870028083689282	

