precision:	0.1	0.15	0.133333333333333	0.1	0.08	0.0666666666666667	0.0714285714285714	0.0625	0.0666666666666667	0.06	

MAP:	0.127366569419883

NDCG:	0.1	0.2	0.239111728700333	0.226971764005106	0.219247413130375	0.213745646178456	0.217829092389742	0.215564789163549	0.220071112582532	0.218137716393931	

