precision:	0.2	0.3	0.266666666666667	0.275	0.28	0.233333333333333	0.214285714285714	0.1875	0.177777777777778	0.16	

MAP:	0.264086650481964

NDCG:	0.2	0.35	0.389111728700333	0.414981140676699	0.445160365225075	0.429861034322581	0.426480311715307	0.422662164833793	0.426850418871607	0.424205490830871	

