precision:	0.2	0.15	0.166666666666667	0.125	0.12	0.116666666666667	0.114285714285714	0.1	0.1	0.09	

MAP:	0.132685160650323

NDCG:	0.2	0.15	0.173981246656813	0.15418181702806	0.153676143349796	0.155874251259212	0.156410597140804	0.155691546003809	0.161468742096594	0.160605781568945	

