precision:	0.1	0.05	0.0333333333333333	0.05	0.06	0.0666666666666667	0.0571428571428571	0.0625	0.0555555555555556	0.06	

MAP:	0.0764955133842344

NDCG:	0.1	0.05	0.0380093766715934	0.0479090914859699	0.0584855758493587	0.0641568145859955	0.0602024786328823	0.0935358119662156	0.0935358119662156	0.0992648120629833	

