precision:	0	0.05	0.1	0.1	0.08	0.0666666666666667	0.0571428571428571	0.05	0.0555555555555556	0.05	

MAP:	0.0890110886725881

NDCG:	0	0.05	0.125083598685552	0.131153581033166	0.122923556480171	0.117061617032642	0.112595761452494	0.112595761452494	0.119924201205116	0.119924201205116	

