precision:	0.1	0.1	0.0666666666666667	0.05	0.04	0.0333333333333333	0.0285714285714286	0.05	0.0444444444444444	0.04	

MAP:	0.0475373611577936

NDCG:	0.1	0.1	0.0760187533431869	0.0638787886479598	0.0561544377732289	0.0534035542972697	0.0513078232800163	0.066184317657821	0.0643534793848947	0.0628113936849058	

