precision:	0.3	0.3	0.266666666666667	0.225	0.2	0.166666666666667	0.157142857142857	0.15	0.133333333333333	0.12	

MAP:	0.115008674380353

NDCG:	0.3	0.3	0.276018753343187	0.24790909148597	0.230023628339561	0.210237799727518	0.207863479667276	0.205764911441863	0.197670400602901	0.190852524006287	

