precision:	0.1	0.05	0.0333333333333333	0.075	0.06	0.05	0.0571428571428571	0.05	0.0555555555555556	0.05	

MAP:	0.0588431039957889

NDCG:	0.1	0.05	0.0380093766715934	0.0669137798217666	0.0611205166657184	0.0569941914517797	0.0638519020873166	0.0613475245323408	0.0712784548037053	0.0695436083912178	

