precision:	0	0.1	0.133333333333333	0.1	0.12	0.1	0.114285714285714	0.1	0.0888888888888889	0.09	

MAP:	0.0879855662916096

NDCG:	0	0.1	0.123981246656813	0.110251799375674	0.125700501125136	0.118293648154908	0.134464938201671	0.130428192962742	0.127108223845006	0.133926582863613	

