precision:	0	0.05	0.0666666666666667	0.075	0.06	0.0666666666666667	0.0857142857142857	0.075	0.0777777777777778	0.07	

MAP:	0.0404626890759535

NDCG:	0	0.05	0.0619906233284066	0.0680606056760201	0.0598305811230252	0.0637662056260714	0.0767658260259004	0.071967455747296	0.0748228422421894	0.0714988883730597	

