precision:	0	0	0	0.025	0.02	0.0333333333333333	0.0428571428571429	0.05	0.0666666666666667	0.06	

MAP:	0.0625196345994661

NDCG:	0	0	0	0.01596969716199	0.0140386094433072	0.0224607316559032	0.0351892053765878	0.0423762118288382	0.0546556431348363	0.053540410896829	

