precision:	0	0.15	0.166666666666667	0.125	0.1	0.0833333333333333	0.0714285714285714	0.0625	0.0666666666666667	0.06	

MAP:	0.0791077243566591

NDCG:	0	0.15	0.161990623328407	0.142191193699654	0.129593320031029	0.12235593884552	0.118164476811013	0.116494891774363	0.121490333506783	0.119968913825286	

