precision:	0.1	0.05	0.0666666666666667	0.075	0.08	0.116666666666667	0.1	0.0875	0.0777777777777778	0.08	

MAP:	0.0619821668865477

NDCG:	0.1	0.05	0.0619906233284066	0.0680606056760201	0.0719227811133856	0.0953329794855458	0.0904387938470268	0.0871856756576204	0.0845101905115631	0.0879856724001531	

