precision:	0.1	0.1	0.1	0.1	0.1	0.0833333333333333	0.0857142857142857	0.0875	0.0888888888888889	0.08	

MAP:	0.0867833948772343

NDCG:	0.1	0.1	0.1	0.106069982347614	0.109932157784979	0.102885477310363	0.105791947754849	0.115144045876779	0.121272827499925	0.118974575904819	

