precision:	0	0.05	0.0333333333333333	0.1	0.1	0.0833333333333333	0.0714285714285714	0.0625	0.0555555555555556	0.05	

MAP:	0.0409196224785548

NDCG:	0	0.05	0.0380093766715934	0.0798484858099498	0.0822852472068965	0.0755987392278911	0.0715525604808525	0.0690481829258767	0.0669884898688347	0.0652536434563472	

