precision:	0	0	0.0333333333333333	0.05	0.06	0.0666666666666667	0.0857142857142857	0.1	0.0888888888888889	0.08	

MAP:	0.0736725880269701

NDCG:	0	0	0.0239812466568131	0.0361212113520402	0.0438455622267711	0.0493473291786894	0.062861564967616	0.074779062357043	0.0734235962883316	0.0722819089682171	

