precision:	0.2	0.15	0.1	0.1	0.08	0.0666666666666667	0.0857142857142857	0.075	0.0888888888888889	0.09	

MAP:	0.0828566456374353

NDCG:	0.2	0.15	0.11402813001478	0.114822871307736	0.10323634499564	0.0949836945677626	0.114781769117196	0.110847880854352	0.129833633561179	0.133994092875851	

