precision:	0	0	0	0.05	0.04	0.05	0.0428571428571429	0.0625	0.0666666666666667	0.06	

MAP:	0.0420099788442271

NDCG:	0	0	0	0.0319393943239799	0.0280772188866144	0.0364993410992105	0.0346407361633507	0.0570137331055975	0.0623933952803752	0.0611955983123453	

