precision:	0.1	0.15	0.1	0.075	0.06	0.05	0.0571428571428571	0.05	0.0444444444444444	0.04	

MAP:	0.129874578665708

NDCG:	0.1	0.15	0.138009376671593	0.13193939432398	0.128077218886614	0.125326335410655	0.131505512639195	0.129241209413001	0.127868080708307	0.126711516433315	

