precision:	0.1	0.1	0.0666666666666667	0.05	0.06	0.05	0.0428571428571429	0.0375	0.0333333333333333	0.03	

MAP:	0.0837139432248712

NDCG:	0.1	0.1	0.0880093766715934	0.0819393943239799	0.0901694188769748	0.0862337943739286	0.0832354811355168	0.0815658960988662	0.0801927673941715	0.0790362031191799	

