precision:	0.2	0.1	0.0666666666666667	0.1	0.12	0.116666666666667	0.1	0.1	0.0888888888888889	0.08	

MAP:	0.0821005945803923

NDCG:	0.2	0.1	0.0760187533431869	0.0958181829719397	0.108416056640564	0.107591488109088	0.0995909734089363	0.100404289955894	0.0960777499398385	0.0924335747071861	

