precision:	0	0	0	0	0	0	0	0	0	0.01	

MAP:	0.01225466153435

NDCG:	0	0	0	0	0	0	0	0	0	0.00649051356347385	

