precision:	0.2	0.15	0.133333333333333	0.1	0.08	0.0833333333333333	0.0714285714285714	0.0625	0.0555555555555556	0.05	

MAP:	0.108703773425973

NDCG:	0.2	0.15	0.15	0.13403030283801	0.123869190566332	0.130915871040949	0.130105131613716	0.130105131613716	0.130105131613716	0.130105131613716	

