precision:	0	0	0	0.025	0.02	0.0166666666666667	0.0142857142857143	0.0125	0.0111111111111111	0.01	

MAP:	0.0141705887619661

NDCG:	0	0	0	0.01596969716199	0.01596969716199	0.01596969716199	0.01596969716199	0.01596969716199	0.01596969716199	0.01596969716199	

