precision:	0	0	0	0	0	0	0.0142857142857143	0.025	0.0444444444444444	0.04	

MAP:	0.0248046819745877

NDCG:	0	0	0	0	0	0	0.00827490824579292	0.0148671965085004	0.0270906833786993	0.0259283300400927	

