precision:	0.1	0.1	0.1	0.1	0.08	0.1	0.1	0.1	0.0888888888888889	0.08	

MAP:	0.0641195166649097

NDCG:	0.1	0.1	0.1	0.1	0.0879078000096396	0.100265546725282	0.110940706137442	0.112443384323961	0.108683800907549	0.105517164121494	

