precision:	0.2	0.15	0.133333333333333	0.1	0.08	0.0666666666666667	0.0571428571428571	0.05	0.0555555555555556	0.05	

MAP:	0.0614234141641095

NDCG:	0.2	0.15	0.138009376671593	0.11596969716199	0.101946409452947	0.0947090282674379	0.0891953071786631	0.086472331266272	0.0930902312028542	0.0912039561148525	

