precision:	0.1	0.05	0.0666666666666667	0.075	0.08	0.0666666666666667	0.0571428571428571	0.05	0.0444444444444444	0.04	

MAP:	0.0376802040258381

NDCG:	0.1	0.05	0.0619906233284066	0.0680606056760201	0.0719227811133856	0.0660608416658562	0.0615949860857081	0.0580372176549918	0.0557977411950222	0.0539114661070205	

