precision:	0.2	0.2	0.166666666666667	0.2	0.18	0.166666666666667	0.142857142857143	0.1375	0.133333333333333	0.13	

MAP:	0.0913687732299978

NDCG:	0.2	0.2	0.176018753343187	0.19581818297194	0.185895005083884	0.180202537421073	0.167590883853304	0.167235068143192	0.169781193985358	0.17282025556123	

