precision:	0.1	0.1	0.1	0.1	0.08	0.0666666666666667	0.0714285714285714	0.0625	0.0555555555555556	0.05	

MAP:	0.0321658629272143

NDCG:	0.1	0.1	0.1	0.1	0.0879078000096396	0.0792949770861511	0.0810082987345425	0.0751862270776326	0.0703979392471845	0.0663648412395909	

