precision:	0.2	0.3	0.266666666666667	0.25	0.22	0.2	0.2	0.175	0.155555555555556	0.15	

MAP:	0.135859329796831

NDCG:	0.2	0.3	0.276018753343187	0.26387878864796	0.247924413220234	0.250232108445877	0.253804035030128	0.244539936323831	0.238293926393779	0.240656999090885	

