precision:	0	0	0	0.05	0.06	0.05	0.0428571428571429	0.0375	0.0444444444444444	0.04	

MAP:	0.0542311625805547

NDCG:	0	0	0	0.0349743854977867	0.0451354977694643	0.0437600560314847	0.042712190522858	0.0418773980045327	0.053181456980592	0.0526031748430961	

