precision:	0	0	0	0.025	0.02	0.0166666666666667	0.0428571428571429	0.0375	0.0333333333333333	0.03	

MAP:	0.0196541669268994

NDCG:	0	0	0	0.01596969716199	0.0140386094433072	0.0126631677053277	0.0299594986475044	0.0293647804579615	0.0293647804579615	0.0293647804579615	

