precision:	0.1	0.1	0.0666666666666667	0.075	0.06	0.0666666666666667	0.0714285714285714	0.0875	0.0888888888888889	0.08	

MAP:	0.0596378707271483

NDCG:	0.1	0.1	0.0760187533431869	0.0828834769837565	0.0751591261090256	0.0794549231076829	0.0858297634560217	0.107367967879943	0.113863307309463	0.111873801472947	

