precision:	0.2	0.15	0.133333333333333	0.175	0.14	0.133333333333333	0.114285714285714	0.1	0.0888888888888889	0.08	

MAP:	0.11448450547571

NDCG:	0.2	0.15	0.138009376671593	0.17298376216938	0.158960474460337	0.158769773749444	0.150349582216183	0.145122228748816	0.140823059231805	0.137201937731315	

