precision:	0	0.1	0.1	0.1	0.1	0.116666666666667	0.1	0.0875	0.0888888888888889	0.09	

MAP:	0.0639688734491848

NDCG:	0	0.1	0.1	0.1	0.1	0.112548447426535	0.106369270197995	0.101446566971938	0.105387522400943	0.110429524997468	

