precision:	0.2	0.15	0.166666666666667	0.125	0.14	0.133333333333333	0.114285714285714	0.1	0.0888888888888889	0.09	

MAP:	0.0860010892217957

NDCG:	0.2	0.15	0.161990623328407	0.13612121135204	0.143845562226771	0.151845725115224	0.143204580529865	0.138092968443828	0.133888988934834	0.136077044547464	

