precision:	0.2	0.15	0.133333333333333	0.1	0.08	0.0666666666666667	0.0571428571428571	0.05	0.0666666666666667	0.06	

MAP:	0.0639833178697145

NDCG:	0.2	0.15	0.138009376671593	0.122039679509603	0.111878567237926	0.104641186052417	0.0991274649636421	0.0947349040146005	0.103859439724166	0.100086889548162	

