precision:	0	0	0	0	0	0	0	0.0125	0.0111111111111111	0.01	

MAP:	0.00870300616230999

NDCG:	0	0	0	0	0	0	0	0.00718700645225042	0.00672929688401887	0.00634377545902164	

