precision:	0.2	0.1	0.0666666666666667	0.075	0.08	0.0666666666666667	0.0714285714285714	0.0625	0.0555555555555556	0.05	

MAP:	0.0622680789104826

NDCG:	0.2	0.1	0.0760187533431869	0.0798484858099498	0.0822852472068965	0.0742232974899116	0.0763562959714124	0.0708685640532476	0.0663552496337447	0.0654451680054962	

