precision:	0.2	0.15	0.1	0.075	0.08	0.0666666666666667	0.0571428571428571	0.05	0.0555555555555556	0.05	

MAP:	0.069070518199866

NDCG:	0.2	0.15	0.11402813001478	0.101888165319553	0.106256014435183	0.0995695064561774	0.094475462200512	0.0904172409902154	0.0934481796736112	0.0919267599921145	

