precision:	0	0	0	0.05	0.04	0.0333333333333333	0.0285714285714286	0.025	0.0222222222222222	0.02	

MAP:	0.0168019107746604

NDCG:	0	0	0	0.0319393943239799	0.0280772188866144	0.0253263354106553	0.0232306043934018	0.0215610193567513	0.0201878906520566	0.0196096085145608	

