precision:	0	0.05	0.0333333333333333	0.025	0.04	0.05	0.0571428571428571	0.05	0.0444444444444444	0.04	

MAP:	0.0259873894064415

NDCG:	0	0.05	0.0380093766715934	0.0319393943239799	0.0401694188769748	0.0460313583245042	0.0504972139046522	0.0468679758831182	0.0438831558265518	0.0418165099233117	

