precision:	0.2	0.15	0.133333333333333	0.125	0.1	0.1	0.1	0.0875	0.0888888888888889	0.08	

MAP:	0.0756298555008074

NDCG:	0.2	0.15	0.138009376671593	0.13193939432398	0.115985018896254	0.114418876447382	0.113225727651287	0.105088187299381	0.104764142507248	0.101095899906159	

