precision:	0	0.05	0.1	0.1	0.12	0.116666666666667	0.1	0.0875	0.0777777777777778	0.09	

MAP:	0.0529766896873786

NDCG:	0	0.05	0.0859718699852197	0.0882121198660703	0.101729733896849	0.10568658732607	0.100426165347984	0.096235397664167	0.0927887547708524	0.103301229706716	

