precision:	0.1	0.1	0.0666666666666667	0.075	0.08	0.0666666666666667	0.0857142857142857	0.0875	0.0888888888888889	0.08	

MAP:	0.0458843606614678

NDCG:	0.1	0.1	0.0760187533431869	0.0798484858099498	0.0822852472068965	0.0742232974899116	0.08989550911933	0.09376685016337	0.0956221061809819	0.0918677349658536	

