precision:	0.1	0.05	0.1	0.075	0.06	0.0666666666666667	0.0571428571428571	0.05	0.0444444444444444	0.04	

MAP:	0.0664061329767909

NDCG:	0.1	0.05	0.0859718699852197	0.0722424227040804	0.0635067244728215	0.0670821764802566	0.0615311879272344	0.0571089374807578	0.0534719145714079	0.0515856394834061	

