precision:	0	0.05	0.0666666666666667	0.05	0.04	0.05	0.0428571428571429	0.05	0.0555555555555556	0.05	

MAP:	0.0627855998120456

NDCG:	0	0.05	0.0619906233284066	0.0520909085140302	0.045791971679718	0.0511030379207437	0.0468743084219894	0.0506924553035037	0.0538326410183119	0.051925699911818	

