precision:	0.1	0.15	0.1	0.125	0.1	0.0833333333333333	0.0714285714285714	0.075	0.0666666666666667	0.07	

MAP:	0.0678194780926064

NDCG:	0.1	0.15	0.11402813001478	0.12775757729592	0.112308875546458	0.101305341642621	0.0929224175736073	0.0934310838792555	0.0874808594922453	0.0948748470244148	

