precision:	0.2	0.1	0.1	0.1	0.08	0.0833333333333333	0.0857142857142857	0.0875	0.0777777777777778	0.07	

MAP:	0.100977725384804

NDCG:	0.2	0.1	0.1	0.103034991173807	0.0928738789021291	0.0999205593767456	0.105288997178052	0.109565816745764	0.106714661465296	0.105558097190304	

