precision:	0	0	0	0	0	0	0	0.0125	0.0222222222222222	0.02	

MAP:	0.0167506707253953

NDCG:	0	0	0	0	0	0	0	0.0126697922238645	0.0190383626609793	0.0186735072544743	

