precision:	0.1	0.1	0.1	0.125	0.12	0.1	0.0857142857142857	0.075	0.0777777777777778	0.08	

MAP:	0.0616626387574987

NDCG:	0.1	0.1	0.1	0.11596969716199	0.118316156972384	0.108327892310916	0.100718440204887	0.0946562942191953	0.0960391307869512	0.0977821539767246	

