precision:	0	0.05	0.1	0.075	0.08	0.0666666666666667	0.0714285714285714	0.0625	0.0555555555555556	0.05	

MAP:	0.0291307544371223

NDCG:	0	0.05	0.0859718699852197	0.0722424227040804	0.0755989244631819	0.0681920714929543	0.0708241483917997	0.0657340122771297	0.061547695404119	0.0589317095031072	

