precision:	0.1	0.05	0.0666666666666667	0.05	0.06	0.0666666666666667	0.0571428571428571	0.05	0.0444444444444444	0.04	

MAP:	0.0616891985855226

NDCG:	0.1	0.05	0.0619906233284066	0.0520909085140302	0.0578841716700783	0.062010496884017	0.0568791851641044	0.0527912744563727	0.049429224957968	0.0477745555618323	

