precision:	0	0	0.0333333333333333	0.05	0.04	0.0666666666666667	0.0571428571428571	0.05	0.0444444444444444	0.04	

MAP:	0.0575610661175131

NDCG:	0	0	0.0239812466568131	0.0361212113520402	0.0317533622364107	0.0482374341659916	0.0442458307486311	0.0410658800378752	0.038450570542042	0.0374248682680185	

