precision:	0.2	0.1	0.1	0.075	0.06	0.05	0.0428571428571429	0.0375	0.0333333333333333	0.04	

MAP:	0.0860642069116084

NDCG:	0.2	0.1	0.1	0.0901002851856236	0.0838013483513114	0.0793148506417616	0.0758968605702403	0.0731738846578492	0.0709344081978796	0.0747771332066456	

