precision:	0.2	0.1	0.166666666666667	0.15	0.12	0.1	0.0857142857142857	0.0875	0.0888888888888889	0.08	

MAP:	0.0596989696488518

NDCG:	0.2	0.1	0.147962493313626	0.1403030283801	0.123337305595847	0.111253254205177	0.10204714949924	0.101900020732642	0.101779016573964	0.0966778074289625	

