precision:	0.2	0.2	0.166666666666667	0.125	0.12	0.116666666666667	0.114285714285714	0.1125	0.1	0.09	

MAP:	0.0995963401530403

NDCG:	0.2	0.2	0.176018753343187	0.153979073833583	0.152047986114901	0.150672544376921	0.149624678868294	0.148789886349969	0.141734751560507	0.137781830569265	

