precision:	0	0	0	0	0	0.05	0.0428571428571429	0.05	0.0444444444444444	0.04	

MAP:	0.0274706682658915

NDCG:	0	0	0	0	0	0.0353633489628421	0.0345526095356091	0.0410937323295144	0.0401048240671774	0.0396574039306497	

