precision:	0.1	0.1	0.0666666666666667	0.1	0.08	0.0833333333333333	0.0714285714285714	0.0625	0.0555555555555556	0.05	

MAP:	0.0455178677353866

NDCG:	0.1	0.1	0.0760187533431869	0.0958181829719397	0.0842316566598433	0.0857765701825415	0.078678637703548	0.0730239989352513	0.0683734141270619	0.0660602855770785	

