precision:	0	0	0.0333333333333333	0.05	0.06	0.0833333333333333	0.0857142857142857	0.1	0.0888888888888889	0.09	

MAP:	0.0418665331893122

NDCG:	0	0	0.0239812466568131	0.0361212113520402	0.0438455622267711	0.059144893129265	0.0625256157365389	0.0778886943753595	0.0737351826535285	0.0768758281017377	

