precision:	0	0.05	0.0333333333333333	0.05	0.04	0.0333333333333333	0.0571428571428571	0.0625	0.0666666666666667	0.06	

MAP:	0.0618502753759588

NDCG:	0	0.05	0.0380093766715934	0.0479090914859699	0.0421158283299217	0.037989503115983	0.0513957230816886	0.0548889155998773	0.0577618467848454	0.0554429291712471	

