precision:	0	0	0	0.025	0.04	0.0333333333333333	0.0428571428571429	0.05	0.0444444444444444	0.04	

MAP:	0.054797594796474

NDCG:	0	0	0	0.01596969716199	0.0261308094336676	0.023570626668601	0.0298950871846088	0.0349335317919955	0.0327087652136503	0.0317185065690501	

