precision:	0	0.05	0.1	0.075	0.06	0.0666666666666667	0.0571428571428571	0.0625	0.0555555555555556	0.07	

MAP:	0.0609481362815254

NDCG:	0	0.05	0.0859718699852197	0.0722424227040804	0.0635067244728215	0.0670821764802566	0.0615311879272344	0.0642959439330082	0.0602012114554267	0.0693874151359631	

