precision:	0	0.1	0.1	0.075	0.06	0.0666666666666667	0.0571428571428571	0.0625	0.0555555555555556	0.07	

MAP:	0.0831677321322369

NDCG:	0	0.1	0.1	0.0901002851856236	0.0838013483513114	0.0891124145923372	0.0848836850935828	0.0887018319750971	0.0854734472527906	0.0961643757470045	

