precision:	0.1	0.2	0.166666666666667	0.15	0.12	0.116666666666667	0.1	0.0875	0.0888888888888889	0.08	

MAP:	0.0860046194128159

NDCG:	0.1	0.2	0.176018753343187	0.16387878864796	0.144062237782869	0.142496095333996	0.133028038292108	0.125485216129746	0.125650289651049	0.121237459282073	

