precision:	0.2	0.15	0.1	0.075	0.08	0.0833333333333333	0.1	0.0875	0.0777777777777778	0.07	

MAP:	0.07333102147981

NDCG:	0.2	0.15	0.11402813001478	0.0958181829719397	0.0963238566502037	0.0966840291458148	0.105233330937249	0.0976702046528707	0.0914500088734785	0.0877793785587189	

