precision:	0.2	0.1	0.1	0.075	0.1	0.1	0.0857142857142857	0.0875	0.0888888888888889	0.08	

MAP:	0.0745248881291903

NDCG:	0.2	0.1	0.10756524102176	0.0954252763265327	0.111885325432523	0.113811640377006	0.107004274472949	0.110689588060453	0.116209332703286	0.113398099032158	

