precision:	0.1	0.05	0.0333333333333333	0.05	0.04	0.05	0.0428571428571429	0.05	0.0444444444444444	0.04	

MAP:	0.0267147674645447

NDCG:	0.1	0.05	0.0380093766715934	0.0479090914859699	0.0421158283299217	0.0477870670665585	0.0438327311134453	0.0487042688707001	0.0463422319036684	0.0443527260671518	

