precision:	0	0.05	0.0333333333333333	0.025	0.04	0.05	0.0714285714285714	0.0625	0.0555555555555556	0.05	

MAP:	0.0465924510959958

NDCG:	0	0.05	0.0380093766715934	0.0319393943239799	0.0401694188769748	0.0472160993515913	0.0608594453986906	0.0585951421724971	0.0567328951543659	0.0551643543722698	

