precision:	0.1	0.05	0.0333333333333333	0.05	0.06	0.0833333333333333	0.0714285714285714	0.075	0.0666666666666667	0.07	

MAP:	0.0845536968423548

NDCG:	0.1	0.05	0.0380093766715934	0.0479090914859699	0.054208028320282	0.0987552484912656	0.0949461958256207	0.09909868244588	0.0961452711345187	0.0993866602736257	

