precision:	0.2	0.1	0.0666666666666667	0.075	0.08	0.1	0.0857142857142857	0.0875	0.0888888888888889	0.08	

MAP:	0.121150986240045

NDCG:	0.2	0.1	0.0760187533431869	0.0859184681575633	0.0922174049918755	0.136764625162859	0.132955572497214	0.137108059117473	0.140523218243227	0.137670751879061	

