precision:	0	0.05	0.0333333333333333	0.025	0.02	0.05	0.0571428571428571	0.05	0.0555555555555556	0.06	

MAP:	0.0710417742154129

NDCG:	0	0.05	0.0380093766715934	0.0319393943239799	0.0280772188866144	0.0449214633118065	0.0494791616858799	0.0465689748013413	0.0505440995262194	0.0538922832978583	

