precision:	0	0	0	0	0.02	0.05	0.0428571428571429	0.05	0.0444444444444444	0.05	

MAP:	0.0636418216607417

NDCG:	0	0	0	0	0.0120921999903604	0.0305025868644245	0.0279785257888001	0.0338005974457099	0.0322203148390433	0.0366182682531419	

