precision:	0.1	0.1	0.0666666666666667	0.125	0.1	0.0833333333333333	0.0714285714285714	0.0625	0.0666666666666667	0.07	

MAP:	0.114515073104064

NDCG:	0.1	0.1	0.0760187533431869	0.14581818297194	0.134231656659843	0.125979006231966	0.119691813180205	0.114683058070254	0.117892111708792	0.129473918667016	

