precision:	0.1	0.1	0.1	0.075	0.06	0.05	0.0571428571428571	0.0625	0.0555555555555556	0.07	

MAP:	0.130585674020956

NDCG:	0.1	0.1	0.111990623328407	0.10209090851403	0.095791971679718	0.0913054739701681	0.0961623921444398	0.100031704494756	0.0968454001531185	0.131257735439231	

