precision:	0	0	0	0.05	0.06	0.05	0.0571428571428571	0.05	0.0444444444444444	0.05	

MAP:	0.071182507819622

NDCG:	0	0	0	0.0319393943239799	0.0401694188769748	0.0376092361119082	0.043933696627916	0.0417851347830523	0.0400180777729387	0.0499716765018348	

