precision:	0	0.05	0.0333333333333333	0.025	0.04	0.0333333333333333	0.0428571428571429	0.0375	0.0333333333333333	0.03	

MAP:	0.0411443427502107

NDCG:	0	0.05	0.0380093766715934	0.0319393943239799	0.0401694188769748	0.0374185354010157	0.0435977126295551	0.0413334094033616	0.0394711623852304	0.0379026216031343	

