precision:	0	0	0	0	0.02	0.0333333333333333	0.0428571428571429	0.0375	0.0555555555555556	0.06	

MAP:	0.0501910750688068

NDCG:	0	0	0	0	0.0120921999903604	0.0207050229138489	0.0272666095112504	0.0259016747159099	0.0384761118672121	0.0522172309862343	

