precision:	0.1	0.05	0.0333333333333333	0.025	0.02	0.0333333333333333	0.0428571428571429	0.05	0.0444444444444444	0.05	

MAP:	0.0815188072030659

NDCG:	0.1	0.05	0.0380093766715934	0.0319393943239799	0.0280772188866144	0.03787478283719	0.0453389516557499	0.0519312399184574	0.0509844120367893	0.0559159142014553	

