precision:	0.1	0.05	0.0333333333333333	0.025	0.04	0.05	0.0571428571428571	0.0625	0.0555555555555556	0.05	

MAP:	0.121191708947589

NDCG:	0.1	0.05	0.05	0.05	0.0620921999903604	0.0707050229138489	0.0772666095112504	0.1086402898597	0.107028598507829	0.105671096743052	

