precision:	0.1	0.1	0.1	0.1	0.08	0.0833333333333333	0.1	0.1	0.1	0.09	

MAP:	0.101324839545719

NDCG:	0.1	0.1	0.1	0.1	0.0879078000096396	0.0890925410367267	0.098270031503678	0.10846874285509	0.110477696083159	0.105997177939037	

