precision:	0.2	0.15	0.133333333333333	0.1	0.08	0.0666666666666667	0.0571428571428571	0.0625	0.0666666666666667	0.06	

MAP:	0.130531214919877

NDCG:	0.2	0.15	0.15	0.13403030283801	0.123869190566332	0.119382692856783	0.115964702785261	0.120428733325121	0.124100117734034	0.12146346581453	

