precision:	0	0.05	0.0333333333333333	0.05	0.04	0.05	0.0714285714285714	0.075	0.0777777777777778	0.07	

MAP:	0.0808027054486519

NDCG:	0	0.05	0.0380093766715934	0.0479090914859699	0.0421158283299217	0.0491625088045381	0.0901516653166468	0.0944284848843586	0.0979459000410052	0.0951795622908791	

