precision:	0.1	0.1	0.0666666666666667	0.05	0.04	0.0666666666666667	0.0571428571428571	0.05	0.0444444444444444	0.04	

MAP:	0.107046435372585

NDCG:	0.1	0.1	0.0880093766715934	0.0819393943239799	0.0780772188866145	0.0959856503068564	0.0930791798623699	0.0907637111673743	0.0888593837685741	0.0872553993570548	

