precision:	0	0.05	0.0666666666666667	0.05	0.06	0.05	0.0428571428571429	0.0375	0.0444444444444444	0.04	

MAP:	0.0565148801787345

NDCG:	0	0.05	0.0619906233284066	0.0520909085140301	0.0578841716700783	0.0522129329334415	0.0478923606407618	0.0444503335913752	0.0489479225396985	0.0465635423305527	

