precision:	0	0	0.0333333333333333	0.025	0.02	0.05	0.0571428571428571	0.0625	0.0666666666666667	0.07	

MAP:	0.0892542644782913

NDCG:	0	0	0.0239812466568131	0.0201515141900502	0.0177147527931035	0.0644619832335426	0.0706038929978347	0.0760534350720068	0.0805353407463046	0.0855744866229749	

