precision:	0	0	0	0.025	0.02	0.05	0.0571428571428571	0.05	0.0444444444444444	0.04	

MAP:	0.0452911851340316

NDCG:	0	0	0	0.01596969716199	0.0140386094433072	0.0322582956064788	0.037863859489179	0.0363831833125086	0.0351654202660558	0.0341397179920323	

