precision:	0	0.1	0.133333333333333	0.1	0.08	0.0666666666666667	0.0714285714285714	0.075	0.0666666666666667	0.06	

MAP:	0.0526517579184509

NDCG:	0	0.1	0.123981246656813	0.10418181702806	0.0915839433594359	0.084346562173927	0.0966432004405533	0.108917306158178	0.105304700993514	0.102261861630521	

