precision:	0.1	0.05	0.0333333333333333	0.05	0.06	0.0666666666666667	0.0571428571428571	0.0625	0.0555555555555556	0.06	

MAP:	0.0820761706869691

NDCG:	0.1	0.05	0.0380093766715934	0.0479090914859699	0.054208028320282	0.0600699677678114	0.0562609151021666	0.0604134017224259	0.0574599904110645	0.0664143419480442	

