precision:	0.1	0.05	0.0333333333333333	0.025	0.04	0.0333333333333333	0.0285714285714286	0.025	0.0222222222222222	0.02	

MAP:	0.0296875164979186

NDCG:	0.1	0.05	0.0380093766715934	0.0319393943239799	0.0444469664060514	0.0416960829300923	0.0396003519128388	0.0379307668761882	0.0365576381714936	0.0354010738965019	

