precision:	0.1	0.05	0.0333333333333333	0.025	0.04	0.05	0.0571428571428571	0.075	0.0666666666666667	0.06	

MAP:	0.0957489309137024

NDCG:	0.1	0.05	0.0380093766715934	0.0319393943239799	0.0401694188769748	0.0487822418004634	0.0826896388628742	0.0956987169720345	0.0936607247971362	0.09194415668947	

