precision:	0	0	0	0	0	0.0166666666666667	0.0285714285714286	0.025	0.0222222222222222	0.02	

MAP:	0.0211235525344305

NDCG:	0	0	0	0	0	0.00979756395057558	0.0172617327691355	0.0160211309212475	0.0150008139137055	0.0141414172700734	

