precision:	0.1	0.05	0.0333333333333333	0.025	0.04	0.05	0.0428571428571429	0.05	0.0444444444444444	0.04	

MAP:	0.104664174674566

NDCG:	0.1	0.05	0.05	0.05	0.0620921999903604	0.0707050229138489	0.0689917012654575	0.0748137729223674	0.0732334903157007	0.0719024436330317	

