precision:	0	0.05	0.0666666666666667	0.075	0.08	0.0833333333333333	0.0714285714285714	0.0625	0.0666666666666667	0.06	

MAP:	0.0962296234120669

NDCG:	0	0.05	0.0619906233284066	0.0680606056760201	0.102898236930365	0.10958474490937	0.106403880919242	0.103869813866831	0.108154273502219	0.10603400500868	

