precision:	0	0	0	0.05	0.06	0.0666666666666667	0.0714285714285714	0.0625	0.0666666666666667	0.06	

MAP:	0.0803549624022246

NDCG:	0	0	0	0.0319393943239799	0.0401694188769748	0.0762945168353624	0.0826189773513702	0.0804704155065064	0.0850719289335077	0.0832187097612583	

