precision:	0.1	0.05	0.0666666666666667	0.05	0.04	0.0333333333333333	0.0571428571428571	0.0625	0.0666666666666667	0.06	

MAP:	0.0580669951298656

NDCG:	0.1	0.05	0.0619906233284066	0.0520909085140302	0.045791971679718	0.0413054739701681	0.0544373003902327	0.0583066127405491	0.0624487481515339	0.0597649751314306	

