precision:	0.1	0.1	0.0666666666666667	0.1	0.1	0.0833333333333333	0.0714285714285714	0.0625	0.0666666666666667	0.06	

MAP:	0.113040513958304

NDCG:	0.1	0.1	0.0760187533431869	0.12984848580995	0.132285247206896	0.124223297489912	0.118081387725619	0.113188373996998	0.124937421730218	0.121547905921594	

