precision:	0	0.05	0.0666666666666667	0.075	0.06	0.05	0.0571428571428571	0.0625	0.0777777777777778	0.07	

MAP:	0.0881736246761741

NDCG:	0	0.05	0.0619906233284066	0.0710955968498269	0.0647966600155147	0.0603101623059648	0.0651670804802365	0.0690363928305529	0.0795470986786525	0.0764984702520441	

