precision:	0.2	0.15	0.133333333333333	0.1	0.08	0.0666666666666667	0.0857142857142857	0.075	0.0666666666666667	0.06	

MAP:	0.125707188485913

NDCG:	0.2	0.15	0.15	0.13403030283801	0.123869190566332	0.116631809380823	0.140305489457529	0.135912928508487	0.132300323343823	0.129257483980829	

