precision:	0.2	0.25	0.2	0.15	0.12	0.1	0.1	0.1	0.0888888888888889	0.08	

MAP:	0.20780600050688

NDCG:	0.2	0.3	0.295574617693353	0.277364670650513	0.265778144338416	0.257525493910539	0.259513209104571	0.262766327293978	0.25907324200292	0.255962615520835	

