precision:	0.1	0.05	0.1	0.1	0.12	0.116666666666667	0.128571428571429	0.125	0.122222222222222	0.11	

MAP:	0.145436177863904

NDCG:	0.1	0.05	0.0859718699852197	0.0920418523328332	0.117437855673868	0.125095209265893	0.163622398421182	0.180289065087848	0.187617504840471	0.187617504840471	

