precision:	0	0	0.0666666666666667	0.05	0.06	0.0666666666666667	0.0714285714285714	0.0875	0.0888888888888889	0.08	

MAP:	0.103922695373343

NDCG:	0	0	0.0479624933136263	0.0403030283801005	0.0475217055765674	0.0526633000328746	0.0565803685217405	0.0966038457771339	0.107728121350266	0.106998410537256	

