precision:	0.2	0.2	0.166666666666667	0.15	0.16	0.133333333333333	0.114285714285714	0.1	0.0888888888888889	0.09	

MAP:	0.171913187747017

NDCG:	0.2	0.25	0.238009376671593	0.23193939432398	0.275007050131319	0.265209486180744	0.257745317362184	0.257026266225188	0.256434891880859	0.261665786856482	

