precision:	0.2	0.2	0.166666666666667	0.175	0.14	0.116666666666667	0.128571428571429	0.1125	0.1	0.09	

MAP:	0.209866333548362

NDCG:	0.2	0.3	0.311990623328407	0.34306060567602	0.334830581123025	0.328968641675496	0.341052602586934	0.338569701003325	0.336527670582266	0.334807701124656	

