precision:	0.4	0.25	0.2	0.2	0.18	0.15	0.157142857142857	0.15	0.144444444444444	0.13	

MAP:	0.306599702267315

NDCG:	0.4	0.3	0.295574617693353	0.349404350160116	0.355703286994428	0.350392220753402	0.368160163400074	0.374349854542554	0.3804003555985	0.37932396833986	

