precision:	0	0	0.0333333333333333	0.025	0.02	0.0333333333333333	0.0285714285714286	0.025	0.0333333333333333	0.04	

MAP:	0.0347238112006389

NDCG:	0	0	0.0239812466568131	0.0201515141900502	0.0177147527931035	0.0257767025100884	0.0236437040285876	0.0225903131528471	0.0317997224925973	0.0406847274144451	

