precision:	0.2	0.2	0.166666666666667	0.125	0.12	0.1	0.0857142857142857	0.075	0.0666666666666667	0.06	

MAP:	0.0980321172048046

NDCG:	0.2	0.2	0.188009376671593	0.16596969716199	0.164038609443307	0.152865603754752	0.144353569427565	0.140295348217269	0.13695771646355	0.134146482792422	

