precision:	0.1	0.05	0.0333333333333333	0.075	0.06	0.05	0.0571428571428571	0.05	0.0444444444444444	0.04	

MAP:	0.073129202628567

NDCG:	0.1	0.05	0.0380093766715934	0.0638787886479598	0.0561544377732289	0.0506526708213106	0.0547361170325966	0.0547361170325966	0.0547361170325966	0.0547361170325966	

