precision:	0.4	0.25	0.166666666666667	0.15	0.12	0.1	0.0857142857142857	0.075	0.0666666666666667	0.06	

MAP:	0.159554135162126

NDCG:	0.4	0.25	0.202037506686374	0.199797256805523	0.186279642774744	0.176651550608887	0.1693164920485	0.165977321975199	0.163231064565809	0.160917936015826	

