precision:	0.4	0.3	0.2	0.15	0.12	0.133333333333333	0.114285714285714	0.1	0.0888888888888889	0.08	

MAP:	0.230752635666519

NDCG:	0.4	0.35	0.302037506686374	0.27775757729592	0.262308875546458	0.270900469543772	0.260896066620292	0.256911012888646	0.253633556785151	0.25087300809864	

