precision:	0.3	0.2	0.133333333333333	0.1	0.08	0.0833333333333333	0.0714285714285714	0.0625	0.0555555555555556	0.05	

MAP:	0.138762686522079

NDCG:	0.3	0.2	0.16402813001478	0.14581818297194	0.134231656659843	0.145321646593693	0.139034453541933	0.139034453541933	0.139034453541933	0.139034453541933	

