precision:	0.1	0.1	0.166666666666667	0.125	0.12	0.1	0.0857142857142857	0.075	0.0666666666666667	0.06	

MAP:	0.124798040654408

NDCG:	0.1	0.1	0.199064845342365	0.185335398061226	0.188691899820328	0.1812850468501	0.175642215503153	0.175642215503153	0.175642215503153	0.175642215503153	

