precision:	0.1	0.2	0.133333333333333	0.1	0.1	0.0833333333333333	0.0714285714285714	0.075	0.0666666666666667	0.06	

MAP:	0.180034330775991

NDCG:	0.1	0.3	0.276018753343187	0.26387878864796	0.268246637763589	0.261560129784584	0.256466085528919	0.27241370105859	0.27182232671426	0.271324221593116	

