precision:	0.1	0.2	0.133333333333333	0.1	0.08	0.0666666666666667	0.0571428571428571	0.0625	0.0555555555555556	0.06	

MAP:	0.104612222723026

NDCG:	0.1	0.25	0.21402813001478	0.19581818297194	0.184231656659843	0.175979006231966	0.169691813180205	0.175209234595805	0.173378396322879	0.177565310719658	

