precision:	0.1	0.2	0.133333333333333	0.1	0.08	0.0833333333333333	0.0714285714285714	0.0625	0.0555555555555556	0.07	

MAP:	0.16678128994973

NDCG:	0.1	0.3	0.276018753343187	0.26387878864796	0.256154437773229	0.269995311183038	0.265803849148531	0.265803849148531	0.265803849148531	0.281147564980156	

