precision:	0.2	0.15	0.133333333333333	0.1	0.12	0.116666666666667	0.128571428571429	0.125	0.111111111111111	0.1	

MAP:	0.162710455953931

NDCG:	0.2	0.2	0.239111728700333	0.226971764005106	0.243431813111095	0.245358128055579	0.255100578643108	0.265381734693326	0.263417231644302	0.261762562248166	

