precision:	0.2	0.15	0.1	0.075	0.08	0.0833333333333333	0.0857142857142857	0.075	0.0666666666666667	0.06	

MAP:	0.167779801634337

NDCG:	0.2	0.2	0.176018753343187	0.16387878864796	0.169909986187629	0.176764063591314	0.1808475098026	0.1808475098026	0.1808475098026	0.1808475098026	

