precision:	0.1	0.15	0.133333333333333	0.1	0.1	0.0833333333333333	0.0714285714285714	0.0625	0.0666666666666667	0.06	

MAP:	0.110163597276261

NDCG:	0.1	0.2	0.211990623328407	0.20209090851403	0.207884171670078	0.202212932933441	0.197892360640762	0.195503724467116	0.200867661170714	0.199212991774578	

