precision:	0	0.1	0.133333333333333	0.1	0.08	0.0833333333333333	0.114285714285714	0.1	0.1	0.1	

MAP:	0.0880572564364989

NDCG:	0	0.1	0.123981246656813	0.108011549494823	0.0978504372231456	0.100410619988212	0.151520999576717	0.148610812692179	0.152585937417057	0.165256620875127	

