precision:	0	0.05	0.0333333333333333	0.05	0.04	0.0333333333333333	0.0285714285714286	0.025	0.0222222222222222	0.02	

MAP:	0.0406720714911626

NDCG:	0	0.05	0.0380093766715934	0.0569393943239799	0.0530772188866145	0.0503263354106553	0.0482306043934018	0.0482306043934018	0.0482306043934018	0.0482306043934018	

