precision:	0.1	0.05	0.0666666666666667	0.05	0.06	0.05	0.0428571428571429	0.0375	0.0333333333333333	0.03	

MAP:	0.0792453495263896

NDCG:	0.1	0.05	0.101102352028739	0.0950323696811256	0.103262394234121	0.0993267697310744	0.0963284564926625	0.095609405355667	0.0950180310113373	0.0945199258901933	

