precision:	0.2	0.15	0.1	0.075	0.06	0.05	0.0428571428571429	0.05	0.0444444444444444	0.04	

MAP:	0.159492653308719

NDCG:	0.2	0.2	0.176018753343187	0.16387878864796	0.156154437773229	0.150652670821311	0.146461208786804	0.154204743584604	0.154204743584604	0.154204743584604	

