precision:	0	0.1	0.133333333333333	0.1	0.1	0.1	0.0857142857142857	0.0875	0.0888888888888889	0.08	

MAP:	0.0632352553695751

NDCG:	0	0.1	0.131546487678573	0.115576790516583	0.117507878235266	0.118883319973245	0.111656277236079	0.116030952463144	0.119628847746183	0.116930297115149	

