precision:	0.1	0.05	0.0333333333333333	0.025	0.06	0.05	0.0428571428571429	0.0375	0.0333333333333333	0.05	

MAP:	0.0565156962771187

NDCG:	0.1	0.05	0.0380093766715934	0.0319393943239799	0.0522616188673352	0.0471412533372019	0.0432403578776317	0.0425213067406362	0.0419299323963065	0.0541539361117475	

