precision:	0	0.05	0.0333333333333333	0.05	0.06	0.0666666666666667	0.0714285714285714	0.075	0.0777777777777778	0.07	

MAP:	0.092790332137546

NDCG:	0	0.05	0.0380093766715934	0.0479090914859699	0.054208028320282	0.0586945260298319	0.0621125161013532	0.0673516733441779	0.0726204200397585	0.070885573627271	

