precision:	0.2	0.2	0.133333333333333	0.1	0.08	0.0833333333333333	0.0857142857142857	0.0875	0.0777777777777778	0.08	

MAP:	0.182596037246929

NDCG:	0.2	0.25	0.21402813001478	0.19581818297194	0.184231656659843	0.195321646593693	0.206844812897334	0.212362234312933	0.210531396040007	0.214718310436786	

