precision:	0	0.05	0.0666666666666667	0.05	0.06	0.05	0.0428571428571429	0.05	0.0555555555555556	0.05	

MAP:	0.0416727098824795

NDCG:	0	0.05	0.0695558643501663	0.0634858820025528	0.0717159065555477	0.0677802820525015	0.0647819688140896	0.0725255036118902	0.0798539433645127	0.0798539433645127	

