precision:	0.3	0.25	0.166666666666667	0.15	0.14	0.133333333333333	0.114285714285714	0.1	0.0888888888888889	0.09	

MAP:	0.128839632885289

NDCG:	0.3	0.25	0.190046883357967	0.181736651129503	0.176449061651719	0.172682908933391	0.161538797707359	0.157480576497063	0.154142944743344	0.181434710638614	

