precision:	0.1	0.1	0.0666666666666667	0.05	0.06	0.0666666666666667	0.0571428571428571	0.05	0.0777777777777778	0.08	

MAP:	0.0986317985603101

NDCG:	0.1	0.1	0.0760187533431869	0.0638787886479598	0.0682466377635893	0.0762641638512249	0.0711701195955596	0.069500534558909	0.0928551700568506	0.106020394752048	

