precision:	0	0	0	0	0	0	0	0	0	0.01	

MAP:	0.0354465996206213

NDCG:	0	0	0	0	0	0	0	0	0	0.00699310873981741	

