precision:	0.1	0.05	0.0666666666666667	0.05	0.08	0.0833333333333333	0.0857142857142857	0.0875	0.0888888888888889	0.08	

MAP:	0.12513740913814

NDCG:	0.1	0.05	0.0619906233284066	0.0520909085140301	0.0742539191895153	0.078380244403454	0.108869651394344	0.120893559959863	0.12769080101838	0.127243380881852	

