precision:	0.2	0.25	0.166666666666667	0.15	0.2	0.183333333333333	0.171428571428571	0.1625	0.144444444444444	0.14	

MAP:	0.241130161328933

NDCG:	0.2	0.3	0.26402813001478	0.273927844829157	0.356920465364838	0.360222222047301	0.362737629897664	0.372665043535328	0.372073669190999	0.378568672809672	

