precision:	0.3	0.25	0.166666666666667	0.125	0.12	0.1	0.0857142857142857	0.075	0.0777777777777778	0.07	

MAP:	0.203238347310781

NDCG:	0.3	0.3	0.252037506686374	0.22775757729592	0.232125426411549	0.225438918432544	0.220344874176878	0.218675289140228	0.227377917530558	0.226221353255567	

