precision:	0.3	0.25	0.166666666666667	0.125	0.1	0.116666666666667	0.1	0.0875	0.0777777777777778	0.07	

MAP:	0.13232062854356

NDCG:	0.3	0.25	0.202037506686374	0.17775757729592	0.162308875546458	0.170900469543772	0.160896066620292	0.156911012888646	0.153633556785151	0.15087300809864	

