precision:	0.3	0.2	0.133333333333333	0.1	0.1	0.0833333333333333	0.1	0.1	0.0888888888888889	0.09	

MAP:	0.16962196758625

NDCG:	0.3	0.2	0.16402813001478	0.151888165319553	0.156256014435183	0.149569506456177	0.188371089157107	0.192775453881607	0.190029196472217	0.199158030416874	

