precision:	0.2	0.1	0.1	0.075	0.06	0.0666666666666667	0.0571428571428571	0.05	0.0444444444444444	0.05	

MAP:	0.0892381683360564

NDCG:	0.2	0.1	0.139111728700333	0.126971764005106	0.119247413130375	0.123543210129032	0.118541008667292	0.116225539972296	0.114321212573496	0.124159190656617	

