precision:	0.2	0.1	0.0666666666666667	0.05	0.08	0.0833333333333333	0.0714285714285714	0.0625	0.0666666666666667	0.06	

MAP:	0.119110616397969

NDCG:	0.2	0.1	0.0880093766715934	0.0819393943239799	0.102261618867335	0.116483893698929	0.112582998239359	0.111863947102363	0.12326319608644	0.122765090965296	

