precision:	0.1	0.1	0.166666666666667	0.175	0.16	0.15	0.142857142857143	0.125	0.133333333333333	0.14	

MAP:	0.142696576914291

NDCG:	0.1	0.1	0.147962493313626	0.15627272554209	0.151399202748197	0.152834444397081	0.151000665715778	0.149112482321713	0.175323437381783	0.219169943780875	

