precision:	0	0.05	0.0666666666666667	0.075	0.08	0.0666666666666667	0.0571428571428571	0.0625	0.0555555555555556	0.05	

MAP:	0.0904323256472355

NDCG:	0	0.05	0.0619906233284066	0.10209090851403	0.107884171670078	0.102212932933441	0.0978923606407618	0.113839976170433	0.113248601826103	0.112750496704959	

