precision:	0	0	0.0666666666666667	0.05	0.04	0.0333333333333333	0.0285714285714286	0.025	0.0222222222222222	0.02	

MAP:	0.0335382599911214

NDCG:	0	0	0.055527734335386	0.0516980018686231	0.0492612404716764	0.0475256262380857	0.0462033671838179	0.0462033671838179	0.0462033671838179	0.0462033671838179	

