precision:	0.1	0.05	0.1	0.075	0.1	0.116666666666667	0.114285714285714	0.1125	0.122222222222222	0.11	

MAP:	0.145847116097846

NDCG:	0.1	0.05	0.0859718699852197	0.0760721551708433	0.103399246230561	0.122229605511141	0.15271901250203	0.168739795510352	0.182865476321492	0.182418056184964	

