precision:	0.1	0.15	0.1	0.075	0.08	0.0666666666666667	0.0571428571428571	0.075	0.0666666666666667	0.07	

MAP:	0.137649837697995

NDCG:	0.1	0.2	0.176018753343187	0.16387878864796	0.168246637763589	0.161560129784584	0.156466085528919	0.18015723585639	0.179565861512061	0.190509718885557	

