precision:	0.1	0.15	0.133333333333333	0.1	0.1	0.0833333333333333	0.0714285714285714	0.0625	0.0555555555555556	0.05	

MAP:	0.0586650880533559

NDCG:	0.1	0.15	0.138009376671593	0.11596969716199	0.115701957867347	0.105713693205879	0.098104241099851	0.0953812651874599	0.0931417887274904	0.0912555136394887	

