precision:	0.2	0.15	0.1	0.1	0.08	0.0666666666666667	0.0571428571428571	0.05	0.0444444444444444	0.04	

MAP:	0.212996414546949

NDCG:	0.2	0.2	0.2	0.21596969716199	0.214038609443307	0.212663167705328	0.211615302196701	0.210780509678376	0.210093945326028	0.209515663188532	

