precision:	0.1	0.2	0.166666666666667	0.125	0.12	0.133333333333333	0.114285714285714	0.125	0.133333333333333	0.12	

MAP:	0.224702766085907

NDCG:	0.1	0.25	0.25	0.246170267533237	0.255825706126651	0.30394647594503	0.301721634669604	0.325412784997075	0.339478290157991	0.338980185036847	

