precision:	0.2	0.15	0.133333333333333	0.125	0.1	0.0833333333333333	0.0714285714285714	0.0625	0.0555555555555556	0.05	

MAP:	0.219462780590588

NDCG:	0.2	0.2	0.223981246656813	0.23612121135204	0.231753362236411	0.22864230626484	0.226272181701946	0.225437389183621	0.224750824831273	0.224172542693778	

