precision:	0.1	0.05	0.1	0.075	0.06	0.05	0.0428571428571429	0.0375	0.0333333333333333	0.03	

MAP:	0.0670440326144829

NDCG:	0.1	0.05	0.0935371110069795	0.0897073785402165	0.0872706171432698	0.0855350029096791	0.0842127438554113	0.0842127438554113	0.0842127438554113	0.0842127438554113	

