precision:	0.2	0.1	0.0666666666666667	0.05	0.04	0.05	0.0428571428571429	0.0375	0.0333333333333333	0.04	

MAP:	0.11128541848716

NDCG:	0.2	0.1	0.0880093766715934	0.0819393943239799	0.0780772188866145	0.0946689757723824	0.0925732447551289	0.0925732447551289	0.0925732447551289	0.0995663534949463	

