precision:	0.3	0.15	0.1	0.075	0.06	0.05	0.0428571428571429	0.0375	0.0333333333333333	0.03	

MAP:	0.0912942913371421

NDCG:	0.3	0.15	0.126018753343187	0.11387878864796	0.106154437773229	0.100652670821311	0.0964612087868036	0.0964612087868036	0.0964612087868036	0.0964612087868036	

