precision:	0.3	0.2	0.166666666666667	0.15	0.14	0.116666666666667	0.114285714285714	0.1	0.0888888888888889	0.09	

MAP:	0.161472791621685

NDCG:	0.3	0.2	0.188009376671593	0.18193939432398	0.209052674703593	0.197688968304146	0.197306558935284	0.195636973898633	0.194263845193938	0.208158780702146	

