precision:	0.2	0.1	0.1	0.1	0.08	0.0666666666666667	0.0571428571428571	0.05	0.0555555555555556	0.06	

MAP:	0.0759046041549543

NDCG:	0.2	0.1	0.1	0.1	0.0879078000096396	0.0792949770861511	0.0727333904887496	0.0702290129337737	0.0754977596293543	0.0794919133136344	

