precision:	0.4	0.2	0.133333333333333	0.125	0.1	0.1	0.0857142857142857	0.0875	0.0777777777777778	0.07	

MAP:	0.170335908699118

NDCG:	0.4	0.2	0.16402813001478	0.167857862481543	0.15820242388813	0.161122779148807	0.155072712178441	0.164884384434775	0.164197820082428	0.163619537944932	

