precision:	0.1	0.1	0.0666666666666667	0.05	0.06	0.05	0.0714285714285714	0.0625	0.0555555555555556	0.06	

MAP:	0.0586420854600963

NDCG:	0.1	0.1	0.0760187533431869	0.0638787886479598	0.0721088132009547	0.0681731886979085	0.0817246919510825	0.0781466193983506	0.0752038797224531	0.0784542574088762	

