precision:	0.1	0.1	0.0666666666666667	0.05	0.06	0.0666666666666667	0.0571428571428571	0.0625	0.0555555555555556	0.05	

MAP:	0.0587247453772473

NDCG:	0.1	0.1	0.0760187533431869	0.0638787886479598	0.0721088132009547	0.0779707526484841	0.0741616999828392	0.0783141866030985	0.0753607752917372	0.0728731643340765	

