precision:	0.2	0.15	0.133333333333333	0.1	0.1	0.0833333333333333	0.0714285714285714	0.075	0.0666666666666667	0.06	

MAP:	0.0814967948978133

NDCG:	0.2	0.15	0.138009376671593	0.11596969716199	0.121762960318038	0.116091721581401	0.111771149288722	0.115516128691585	0.112227568319055	0.109457666684912	

