precision:	0.1	0.15	0.1	0.075	0.06	0.0666666666666667	0.0714285714285714	0.075	0.0666666666666667	0.06	

MAP:	0.0597305451325239

NDCG:	0.1	0.15	0.11402813001478	0.0958181829719397	0.0880938320972088	0.0923896290958661	0.095662335879919	0.0982695704109804	0.0940452864258174	0.0904872398072047	

