precision:	0.1	0.05	0.0666666666666667	0.05	0.04	0.0333333333333333	0.0285714285714286	0.0375	0.0333333333333333	0.04	

MAP:	0.0991532823074985

NDCG:	0.1	0.05	0.0739812466568131	0.0739812466568131	0.0739812466568131	0.0739812466568131	0.0739812466568131	0.0906479133234798	0.0906479133234798	0.0976410220632972	

