precision:	0.1	0.1	0.0666666666666667	0.1	0.1	0.133333333333333	0.114285714285714	0.1	0.0888888888888889	0.08	

MAP:	0.0824689708893685

NDCG:	0.1	0.1	0.0760187533431869	0.0958181829719397	0.0963238566502037	0.118837437451993	0.110026183324608	0.108545507147938	0.107327744101485	0.106302041827461	

