precision:	0.4	0.25	0.3	0.275	0.24	0.2	0.171428571428571	0.15	0.144444444444444	0.14	

MAP:	0.22836855934161

NDCG:	0.4	0.25	0.297962493313626	0.328163063684873	0.323795214569244	0.310886594647098	0.301052301265644	0.300333250128648	0.307070315536941	0.313565319155614	

