precision:	0.3	0.2	0.266666666666667	0.25	0.24	0.216666666666667	0.2	0.175	0.155555555555556	0.14	

MAP:	0.19680093550334

NDCG:	0.3	0.2	0.259953116642033	0.258363634056121	0.298488854788249	0.296393068059047	0.297898549023424	0.295291314492363	0.293147028040411	0.291340929968761	

