precision:	0.2	0.15	0.1	0.1	0.08	0.1	0.1	0.0875	0.0888888888888889	0.08	

MAP:	0.122803912548859

NDCG:	0.2	0.15	0.11402813001478	0.117857862481543	0.10820242388813	0.130465419510534	0.132690260785961	0.130374792090965	0.144243708531451	0.142639724119932	

