precision:	0.1	0.1	0.1	0.075	0.06	0.1	0.0857142857142857	0.075	0.0777777777777778	0.08	

MAP:	0.155272465000878

NDCG:	0.1	0.15	0.161990623328407	0.15209090851403	0.145791971679718	0.170698165821895	0.164847957468675	0.161479097897938	0.166036862496486	0.169432167368724	

