precision:	0.1	0.1	0.133333333333333	0.1	0.08	0.0666666666666667	0.0571428571428571	0.075	0.0777777777777778	0.07	

MAP:	0.111625752184829

NDCG:	0.1	0.1	0.175083598685552	0.169013616337939	0.165151440900573	0.162400557424614	0.160304826407361	0.178138297634271	0.187756345161065	0.187370823736067	

