precision:	0.1	0.1	0.1	0.075	0.08	0.0833333333333333	0.0714285714285714	0.0625	0.0666666666666667	0.06	

MAP:	0.120094368497346

NDCG:	0.1	0.1	0.151102352028739	0.145032369681126	0.153262394234121	0.15912433368165	0.155315281016005	0.152999812321009	0.161171242017234	0.159567257605715	

