precision:	0.1	0.15	0.2	0.2	0.22	0.183333333333333	0.157142857142857	0.1375	0.133333333333333	0.12	

MAP:	0.192998121393552

NDCG:	0.1	0.15	0.237074222013959	0.28931447189481	0.320865181869066	0.312082887160859	0.305392190305284	0.303619748292548	0.309490465945566	0.308262650011412	

