precision:	0.2	0.2	0.166666666666667	0.125	0.12	0.1	0.0857142857142857	0.0875	0.0777777777777778	0.07	

MAP:	0.101408827324505

NDCG:	0.2	0.2	0.183583994364947	0.165374047322106	0.16587972100037	0.156442329545406	0.149252554272487	0.154769975688087	0.15293913741516	0.151397051715171	

