precision:	0.2	0.1	0.0666666666666667	0.05	0.04	0.0333333333333333	0.0285714285714286	0.025	0.0222222222222222	0.02	

MAP:	0.0561392274819306

NDCG:	0.2	0.1	0.0760187533431869	0.0638787886479598	0.0600166132105944	0.0572657297346352	0.0551699987173817	0.0535004136807312	0.0521272849760365	0.0509707207010448	

