precision:	0.1	0.05	0.0666666666666667	0.05	0.04	0.0333333333333333	0.0285714285714286	0.025	0.0222222222222222	0.02	

MAP:	0.0375882462448863

NDCG:	0.1	0.05	0.0619906233284066	0.0520909085140302	0.0482287330766647	0.0454778496007056	0.0433821185834521	0.0417125335468015	0.0403394048421068	0.0391828405671152	

