precision:	0	0	0.0666666666666667	0.05	0.06	0.05	0.0571428571428571	0.05	0.0444444444444444	0.04	

MAP:	0.0460240197606375

NDCG:	0	0	0.0479624933136263	0.0403030283801005	0.0784971613935463	0.075025932926365	0.0901917741732305	0.0891383832974899	0.088272035542215	0.087542324729205	

