precision:	0.2	0.1	0.0666666666666667	0.05	0.06	0.05	0.0428571428571429	0.0375	0.0333333333333333	0.03	

MAP:	0.0743860764302233

NDCG:	0.2	0.1	0.0760187533431869	0.0699487709955733	0.0781787955485683	0.0742431710455221	0.0712448578071102	0.0705258066701147	0.069934432325785	0.0694363272046409	

