precision:	0	0.05	0.0333333333333333	0.075	0.1	0.0833333333333333	0.0857142857142857	0.075	0.0777777777777778	0.07	

MAP:	0.086361191766689

NDCG:	0	0.05	0.05	0.0819393943239799	0.111703246780644	0.107767622277598	0.113044217284979	0.111490373629659	0.117540874685604	0.116464487426964	

