precision:	0.1	0.2	0.233333333333333	0.2	0.22	0.183333333333333	0.171428571428571	0.1625	0.166666666666667	0.17	

MAP:	0.149920497028387

NDCG:	0.1	0.2	0.223981246656813	0.210251799375674	0.225700501125136	0.208496084204332	0.209830879407901	0.210018090380049	0.226403013039834	0.239256021013237	

