precision:	0	0.15	0.2	0.175	0.16	0.133333333333333	0.128571428571429	0.125	0.122222222222222	0.12	

MAP:	0.127573564423052

NDCG:	0	0.15	0.193537111006979	0.189707378540217	0.18727061714327	0.176922179986191	0.182577547482439	0.185153394628232	0.187271866929524	0.192941937794372	

