precision:	0.3	0.25	0.166666666666667	0.125	0.1	0.133333333333333	0.128571428571429	0.125	0.122222222222222	0.13	

MAP:	0.133935874135051

NDCG:	0.3	0.25	0.190046883357967	0.165766953967513	0.150318252218051	0.169771597160991	0.173306407385429	0.174192891411038	0.184326642179798	0.194920303488395	

