precision:	0.1	0.05	0.0333333333333333	0.075	0.08	0.0666666666666667	0.0857142857142857	0.1125	0.111111111111111	0.11	

MAP:	0.0715094802458396

NDCG:	0.1	0.05	0.0380093766715934	0.0669137798217666	0.0732127166560788	0.0692770921530326	0.0859307289704924	0.120189891087081	0.125859503780474	0.131529428212235	

