precision:	0.1	0.05	0.0333333333333333	0.05	0.04	0.05	0.0428571428571429	0.05	0.0555555555555556	0.06	

MAP:	0.0620853540840548

NDCG:	0.1	0.05	0.0380093766715934	0.0479090914859699	0.0421158283299217	0.0540689789206035	0.05197324790335	0.0669703295333662	0.0756729579236966	0.0802453937454726	

