precision:	0.1	0.1	0.0666666666666667	0.075	0.06	0.05	0.0428571428571429	0.05	0.0555555555555556	0.06	

MAP:	0.0666805288133347

NDCG:	0.1	0.1	0.0760187533431869	0.0798484858099498	0.0701930472165361	0.0633158385266383	0.0580765109835045	0.0610895548441286	0.0635675939512752	0.0660029670677473	

