precision:	0.2	0.15	0.133333333333333	0.1	0.12	0.1	0.0857142857142857	0.0875	0.0777777777777778	0.07	

MAP:	0.0822716420170659

NDCG:	0.2	0.15	0.138009376671593	0.11596969716199	0.126130809433668	0.113773062718025	0.10435844616968	0.104045204362248	0.0974190122359978	0.0938780677518603	

