precision:	0	0.05	0.1	0.075	0.06	0.0666666666666667	0.0571428571428571	0.075	0.0666666666666667	0.08	

MAP:	0.0620464292736596

NDCG:	0	0.05	0.0859718699852197	0.0722424227040804	0.0635067244728215	0.0670821764802566	0.0615311879272344	0.0714829503852586	0.0669305083394456	0.0757311905949848	

