precision:	0.1	0.1	0.0666666666666667	0.1	0.08	0.0833333333333333	0.0857142857142857	0.075	0.0777777777777778	0.07	

MAP:	0.071808786769672

NDCG:	0.1	0.1	0.0760187533431869	0.0958181829719397	0.0842316566598433	0.0857765701825415	0.0869535459493409	0.0807041889915013	0.0819330563069901	0.0782293700764781	

