precision:	0.2	0.1	0.1	0.1	0.12	0.1	0.0857142857142857	0.0875	0.0777777777777778	0.09	

MAP:	0.0892899631839348

NDCG:	0.2	0.1	0.1	0.1	0.11209219999036	0.101109895012698	0.0927431439729794	0.093264694683872	0.0873250669099695	0.0969769690318549	

