precision:	0	0	0	0	0.02	0.0166666666666667	0.0285714285714286	0.0375	0.0444444444444444	0.04	

MAP:	0.0406015216531339

NDCG:	0	0	0	0	0.0120921999903604	0.0120921999903604	0.0203671082361533	0.0269593964988608	0.0323811390543075	0.0312187857157008	

