precision:	0.1	0.1	0.0666666666666667	0.05	0.06	0.05	0.0428571428571429	0.0375	0.0444444444444444	0.04	

MAP:	0.0602567715772644

NDCG:	0.1	0.1	0.0760187533431869	0.0638787886479598	0.0725241852926659	0.0670224183407476	0.0628309563062406	0.0594917862329395	0.0687361521519567	0.0664230236019734	

