precision:	0.1	0.05	0.0333333333333333	0.075	0.08	0.1	0.1	0.1125	0.1	0.1	

MAP:	0.0872525143138149

NDCG:	0.1	0.05	0.0380093766715934	0.0638787886479598	0.0682466377635893	0.0811552576857351	0.0844410417370209	0.0955549639841616	0.0913837896263475	0.0935994764914309	

