precision:	0.1	0.05	0.0333333333333333	0.05	0.1	0.1	0.0857142857142857	0.075	0.0888888888888889	0.09	

MAP:	0.12146351192961

NDCG:	0.1	0.05	0.0380093766715934	0.0539790738335834	0.0926021336150584	0.0997189607685302	0.0968659308175867	0.0953120871622659	0.11617596274199	0.126176682571486	

