precision:	0.1	0.05	0.0666666666666667	0.05	0.04	0.0333333333333333	0.0285714285714286	0.025	0.0333333333333333	0.04	

MAP:	0.0609501473311885

NDCG:	0.1	0.05	0.0619906233284066	0.0520909085140302	0.045791971679718	0.0413054739701681	0.0378874838986468	0.0368340930229063	0.0423363157047462	0.0469707495819988	

