precision:	0.4	0.25	0.166666666666667	0.175	0.18	0.183333333333333	0.157142857142857	0.15	0.144444444444444	0.13	

MAP:	0.151264347634466

NDCG:	0.4	0.25	0.202037506686374	0.2096969716199	0.214570494413793	0.220792606356934	0.208983038991137	0.209652953353054	0.210934930295891	0.206285718807708	

