precision:	0.1	0.1	0.1	0.125	0.16	0.133333333333333	0.142857142857143	0.1375	0.133333333333333	0.14	

MAP:	0.128243085479435

NDCG:	0.1	0.1	0.1	0.122039679509603	0.148155167209007	0.138548303969324	0.155139270849196	0.158405273443847	0.170496028605184	0.182738043311914	

