precision:	0	0	0.0333333333333333	0.075	0.14	0.116666666666667	0.114285714285714	0.125	0.122222222222222	0.13	

MAP:	0.101449630270588

NDCG:	0	0	0.0239812466568131	0.055920640980793	0.100427265504869	0.0941221589476488	0.0975935895127131	0.113863724069973	0.126229452642255	0.138703073040851	

