precision:	0.2	0.15	0.1	0.1	0.08	0.0666666666666667	0.0571428571428571	0.05	0.0444444444444444	0.05	

MAP:	0.125352170367997

NDCG:	0.2	0.15	0.126018753343187	0.12984848580995	0.120193047216536	0.113315838526638	0.109124376492131	0.107454791455481	0.107454791455481	0.113183791552248	

