precision:	0.2	0.15	0.1	0.125	0.1	0.1	0.0857142857142857	0.075	0.0666666666666667	0.07	

MAP:	0.104019807516923

NDCG:	0.2	0.15	0.11402813001478	0.12775757729592	0.112308875546458	0.118760259185221	0.112473066133461	0.107464311023509	0.103344924909425	0.111317194579091	

