precision:	0	0.05	0.0333333333333333	0.075	0.12	0.1	0.114285714285714	0.1	0.111111111111111	0.11	

MAP:	0.104597564350838

NDCG:	0	0.05	0.0380093766715934	0.0699487709955733	0.102363195529289	0.0972428299991558	0.115156055933296	0.112288442951437	0.132071825873395	0.135449501676769	

