precision:	0	0.05	0.0333333333333333	0.075	0.12	0.116666666666667	0.114285714285714	0.1125	0.122222222222222	0.12	

MAP:	0.107330500455061

NDCG:	0	0.05	0.0380093766715934	0.0699487709955733	0.102363195529289	0.107040393949731	0.115867972210846	0.120136200212435	0.139419793185492	0.146262219572536	

