precision:	0.1	0.1	0.0666666666666667	0.075	0.08	0.0833333333333333	0.0857142857142857	0.075	0.1	0.1	

MAP:	0.101407523462799

NDCG:	0.1	0.1	0.0760187533431869	0.0798484858099498	0.0865627947359731	0.0920414304016779	0.0950770111043371	0.0919779153598183	0.123561541594148	0.126778863364818	

