precision:	0.2	0.2	0.133333333333333	0.1	0.08	0.0666666666666667	0.0714285714285714	0.0625	0.0555555555555556	0.06	

MAP:	0.124882509119725

NDCG:	0.2	0.2	0.152037506686374	0.133827559643533	0.122241033331437	0.116739266379519	0.126087017492929	0.124417432456279	0.123044303751584	0.136939239259791	

