precision:	0.1	0.1	0.0666666666666667	0.1	0.14	0.133333333333333	0.128571428571429	0.125	0.122222222222222	0.12	

MAP:	0.151466271238483

NDCG:	0.1	0.1	0.0880093766715934	0.119948770995573	0.152363195529289	0.157040393949731	0.165867972210846	0.170020458831105	0.173435617956858	0.180197867327551	

