precision:	0	0.05	0.1	0.125	0.14	0.116666666666667	0.114285714285714	0.1	0.1	0.11	

MAP:	0.109667786333396

NDCG:	0	0.05	0.0859718699852197	0.110251799375674	0.125700501125136	0.118293648154908	0.127512289010146	0.124905054479085	0.138534011866419	0.152071629626395	

