precision:	0	0	0.1	0.1	0.14	0.116666666666667	0.128571428571429	0.125	0.122222222222222	0.12	

MAP:	0.100903226314441

NDCG:	0	0	0.0719437399704394	0.0764242397321407	0.107737015322776	0.10052086306344	0.11815969545194	0.12142569804659	0.133516453207927	0.136143752179799	

