precision:	0	0	0.1	0.075	0.08	0.0666666666666667	0.0857142857142857	0.1	0.122222222222222	0.13	

MAP:	0.101059146726931

NDCG:	0	0	0.0719437399704394	0.0642842750369136	0.0715029522333806	0.0668469827391121	0.0851140038031286	0.0971208565053505	0.125257787628799	0.137825812762667	

