precision:	0.1	0.1	0.166666666666667	0.125	0.14	0.116666666666667	0.114285714285714	0.125	0.144444444444444	0.14	

MAP:	0.145818067443201

NDCG:	0.1	0.1	0.147962493313626	0.134233046032487	0.149681747781949	0.142274894811721	0.144906971710567	0.160727025147752	0.187080730017942	0.193148712205048	

