precision:	0.2	0.15	0.1	0.1	0.1	0.116666666666667	0.128571428571429	0.1125	0.1	0.11	

MAP:	0.126350499260514

NDCG:	0.2	0.15	0.11402813001478	0.117857862481543	0.12029462387849	0.131827802062656	0.147604933753233	0.143735621402916	0.140553355307439	0.159917592160296	

