precision:	0	0.05	0.0666666666666667	0.05	0.08	0.1	0.114285714285714	0.125	0.122222222222222	0.13	

MAP:	0.105768164723488

NDCG:	0	0.05	0.0619906233284066	0.0581608908616437	0.0799085294454177	0.096462748053854	0.114338706523747	0.125537152776178	0.137783273595757	0.150156150303455	

