precision:	0	0.05	0.0666666666666667	0.075	0.1	0.0833333333333333	0.1	0.1	0.1	0.1	

MAP:	0.100805963730231

NDCG:	0	0.05	0.0619906233284066	0.0741305880236336	0.0939471388887249	0.0884666008629806	0.10610543325148	0.10937143584613	0.121462191007467	0.124089489979339	

