precision:	0.1	0.05	0.0666666666666667	0.075	0.08	0.0666666666666667	0.0714285714285714	0.075	0.0666666666666667	0.06	

MAP:	0.0536637795747382

NDCG:	0.1	0.05	0.0619906233284066	0.0680606056760201	0.0762003286424622	0.0703383891949328	0.0741474418605776	0.0771819616925688	0.0733090929985838	0.0721938607605765	

