precision:	0	0.05	0.0666666666666667	0.05	0.04	0.0333333333333333	0.0285714285714286	0.0375	0.0444444444444444	0.04	

MAP:	0.0485431195069799

NDCG:	0	0.05	0.0619906233284066	0.0581608908616437	0.055724129464697	0.0539885152311063	0.0526662561768385	0.0587998717533484	0.0638443848669567	0.0627291526289494	

