precision:	0	0	0.0666666666666667	0.05	0.04	0.05	0.0714285714285714	0.075	0.0666666666666667	0.07	

MAP:	0.03865407804013

NDCG:	0	0	0.0479624933136263	0.0403030283801005	0.035429505586207	0.0417558410696012	0.0601147049275431	0.0639543277804245	0.0607436056941011	0.0669387712156736	

