precision:	0.2	0.1	0.1	0.075	0.06	0.05	0.0428571428571429	0.0375	0.0333333333333333	0.03	

MAP:	0.0478266772364232

NDCG:	0.2	0.1	0.1	0.087860035304773	0.080135684430042	0.0746339174781238	0.0704424554436168	0.0671032853703157	0.0643570279609263	0.062043899410943	

