precision:	0.1	0.1	0.1	0.1	0.08	0.0666666666666667	0.0571428571428571	0.05	0.0444444444444444	0.04	

MAP:	0.105835342720895

NDCG:	0.1	0.1	0.1	0.112139964695227	0.107772115579598	0.106396673841618	0.105348808332991	0.104514015814666	0.103827451462319	0.103249169324823	

