precision:	0	0.1	0.133333333333333	0.125	0.12	0.1	0.0857142857142857	0.075	0.0666666666666667	0.06	

MAP:	0.0601888199464125

NDCG:	0	0.1	0.123981246656813	0.126221496537664	0.127646910578083	0.118864615869875	0.112173919014301	0.106843708570849	0.102459945658927	0.0987675724992756	

