precision:	0	0	0	0	0.02	0.0166666666666667	0.0142857142857143	0.025	0.0222222222222222	0.02	

MAP:	0.0411344048458677

NDCG:	0	0	0	0	0.016369747519437	0.016369747519437	0.016369747519437	0.0290395397433015	0.0290395397433015	0.0290395397433015	

