precision:	0.2	0.2	0.166666666666667	0.125	0.1	0.0833333333333333	0.0857142857142857	0.075	0.0666666666666667	0.06	

MAP:	0.0999742294616335

NDCG:	0.2	0.2	0.176018753343187	0.157808806300346	0.14622227998825	0.140720513036332	0.144803959247618	0.140870070984773	0.137634695261948	0.137222718754843	

