precision:	0.1	0.05	0.0333333333333333	0.025	0.04	0.05	0.0571428571428571	0.075	0.1	0.09	

MAP:	0.0572816498345772

NDCG:	0.1	0.05	0.0380093766715934	0.0319393943239799	0.0401694188769748	0.0509378284405696	0.0562144234479507	0.0676050819892625	0.0858305587611199	0.0843033500160082	

