precision:	0	0.05	0.0666666666666667	0.075	0.08	0.0666666666666667	0.0714285714285714	0.0625	0.0555555555555556	0.05	

MAP:	0.0519695607114914

NDCG:	0	0.05	0.0619906233284066	0.0741305880236336	0.0818549388983646	0.0775591418997072	0.0825613433614472	0.079359390640843	0.0767259858754545	0.0745079112967002	

