precision:	0.1	0.1	0.133333333333333	0.125	0.12	0.1	0.1	0.0875	0.0777777777777778	0.07	

MAP:	0.0621142952620967

NDCG:	0.1	0.1	0.123981246656813	0.126221496537664	0.127646910578083	0.118864615869875	0.120448827260094	0.114523898627099	0.109651017401741	0.106276378547995	

