precision:	0	0	0.0666666666666667	0.05	0.06	0.05	0.0428571428571429	0.0625	0.0555555555555556	0.06	

MAP:	0.0642984183086523

NDCG:	0	0	0.0479624933136263	0.0403030283801005	0.0475217055765674	0.042865736082299	0.039318635752605	0.0508668157686293	0.0476273267772867	0.051013278701893	

