precision:	0.1	0.15	0.133333333333333	0.1	0.08	0.0833333333333333	0.0714285714285714	0.0625	0.0555555555555556	0.05	

MAP:	0.0893509116506648

NDCG:	0.1	0.15	0.138009376671593	0.125869411976366	0.118145061101635	0.125191741576252	0.122285271131765	0.11996980243677	0.11806547503797	0.117618054901442	

