precision:	0	0	0.0333333333333333	0.025	0.04	0.0333333333333333	0.0285714285714286	0.025	0.0222222222222222	0.03	

MAP:	0.0316178443885121

NDCG:	0	0	0.0239812466568131	0.0201515141900502	0.0298069527834639	0.0280713385498732	0.0267490794956054	0.0256956886198649	0.02482934086459	0.0355415925462203	

