precision:	0	0	0	0	0	0	0	0	0.0111111111111111	0.02	

MAP:	0.0249880323399651

NDCG:	0	0	0	0	0	0	0	0	0.0063685704371148	0.0117327151273774	

