precision:	0.1	0.1	0.1	0.075	0.08	0.0833333333333333	0.0714285714285714	0.0625	0.0555555555555556	0.05	

MAP:	0.0597423732281514

NDCG:	0.1	0.1	0.1	0.087860035304773	0.096505431949479	0.100801228948136	0.0957990274863963	0.0918139737547502	0.0885365176512554	0.086932533239736	

