precision:	0.1	0.05	0.0333333333333333	0.05	0.04	0.0666666666666667	0.0714285714285714	0.0625	0.0555555555555556	0.05	

MAP:	0.0463466185373968

NDCG:	0.1	0.05	0.0380093766715934	0.0479090914859699	0.0421158283299217	0.0575846310171341	0.0663587687847054	0.0625626239130395	0.0594405334677866	0.0585456931947312	

