precision:	0.2	0.1	0.1	0.1	0.08	0.0666666666666667	0.0571428571428571	0.05	0.0444444444444444	0.05	

MAP:	0.0519327638057368

NDCG:	0.2	0.1	0.1	0.103829732466763	0.0941742938733493	0.0872970851834514	0.0820577576403177	0.0778837950486913	0.0744509732869547	0.0784451269712348	

