precision:	0.1	0.05	0.0333333333333333	0.05	0.08	0.0666666666666667	0.0571428571428571	0.0625	0.0666666666666667	0.07	

MAP:	0.0709193610376821

NDCG:	0.1	0.05	0.0380093766715934	0.0479090914859699	0.070577775839719	0.0652667095986933	0.0612205308516546	0.0651841086119337	0.0684439020794453	0.0732297646322121	

