precision:	0.1	0.05	0.0666666666666667	0.05	0.04	0.0333333333333333	0.0285714285714286	0.0375	0.0333333333333333	0.03	

MAP:	0.0792212493204504

NDCG:	0.1	0.05	0.0619906233284066	0.0619906233284066	0.0619906233284066	0.0619906233284066	0.0619906233284066	0.069177629780657	0.0687199202124254	0.0683343987874282	

