precision:	0.1	0.05	0.0333333333333333	0.025	0.04	0.0333333333333333	0.0285714285714286	0.025	0.0333333333333333	0.03	

MAP:	0.0731557722265993

NDCG:	0.1	0.05	0.0380093766715934	0.0380093766715934	0.0501015766619538	0.0489168356348667	0.0480142534137084	0.0472952022767129	0.053072398369498	0.0522094378418489	

