precision:	0	0	0	0	0	0	0.0142857142857143	0.025	0.0222222222222222	0.02	

MAP:	0.0249569050853327

NDCG:	0	0	0	0	0	0	0.00827490824579292	0.0170392630184548	0.0165501447050182	0.0165501447050182	

