precision:	0.1	0.2	0.2	0.175	0.14	0.133333333333333	0.114285714285714	0.1	0.1	0.1	

MAP:	0.0985823747304709

NDCG:	0.1	0.2	0.2	0.190100285185624	0.171709148360951	0.168407391678488	0.157617075582332	0.149020862544229	0.148319588310258	0.150062611500031	

