precision:	0	0	0	0.025	0.06	0.0666666666666667	0.0571428571428571	0.0625	0.0555555555555556	0.05	

MAP:	0.0262989497454335

NDCG:	0	0	0	0.01596969716199	0.038223009424028	0.0442756495824499	0.0406118802042734	0.0448801082058624	0.0420218869025187	0.0399999743862071	

