precision:	0.1	0.05	0.0666666666666667	0.05	0.04	0.0333333333333333	0.0428571428571429	0.0375	0.0333333333333333	0.03	

MAP:	0.058340127387651

NDCG:	0.1	0.05	0.0619906233284066	0.0520909085140302	0.045791971679718	0.0440563574461273	0.0510090066376524	0.0493608975723689	0.0480054315036575	0.046863744183543	

