precision:	0.2	0.2	0.133333333333333	0.1	0.08	0.0666666666666667	0.0714285714285714	0.0625	0.0555555555555556	0.05	

MAP:	0.0659179486702026

NDCG:	0.2	0.2	0.152037506686374	0.133827559643533	0.122241033331437	0.116739266379519	0.120822712590804	0.11688882432796	0.113653448605134	0.11324147209803	

