precision:	0	0.1	0.1	0.1	0.08	0.0833333333333333	0.0714285714285714	0.0625	0.0666666666666667	0.06	

MAP:	0.0670801037644709

NDCG:	0	0.1	0.1	0.1	0.0879078000096396	0.0890925410367267	0.0817202150120921	0.0758469778863802	0.077385180112378	0.0741289140183937	

