precision:	0.1	0.05	0.0333333333333333	0.05	0.06	0.05	0.0428571428571429	0.0375	0.0333333333333333	0.03	

MAP:	0.0572224118131284

NDCG:	0.1	0.05	0.0380093766715934	0.0479090914859699	0.054208028320282	0.0500817031063433	0.0469381065804631	0.0444337290254873	0.0423740359684453	0.0417957538309494	

