precision:	0	0	0	0	0.02	0.0333333333333333	0.0714285714285714	0.0625	0.0555555555555556	0.06	

MAP:	0.0584475018473775

NDCG:	0	0	0	0	0.0120921999903604	0.0207050229138489	0.0438164260028363	0.0406673366388669	0.0380774086601221	0.042385091023695	

