precision:	0.2	0.1	0.1	0.075	0.06	0.0666666666666667	0.0571428571428571	0.075	0.0777777777777778	0.07	

MAP:	0.0566006323398478

NDCG:	0.2	0.1	0.1	0.0840303028380101	0.0738691905663324	0.0813358434474644	0.0758221223586897	0.0879756408241033	0.0902738965283223	0.0883669554218284	

