precision:	0.1	0.05	0.0333333333333333	0.05	0.06	0.0666666666666667	0.0571428571428571	0.05	0.0444444444444444	0.05	

MAP:	0.0464172537897917

NDCG:	0.1	0.05	0.0380093766715934	0.0479090914859699	0.0584855758493587	0.0641568145859955	0.0602024786328823	0.0570522174195614	0.0544613256684139	0.0597429056286539	

