precision:	0.1	0.1	0.1	0.1	0.1	0.1	0.0857142857142857	0.075	0.0666666666666667	0.07	

MAP:	0.0651794974850882

NDCG:	0.1	0.1	0.1	0.106069982347614	0.109932157784979	0.112683041260938	0.106503864032399	0.101581160806342	0.0975325469555897	0.107299273379548	

