precision:	0	0.1	0.1	0.075	0.06	0.05	0.0428571428571429	0.0375	0.0444444444444444	0.04	

MAP:	0.0581159195822522

NDCG:	0	0.1	0.1	0.0901002851856236	0.0838013483513114	0.0793148506417616	0.0758968605702403	0.0731738846578492	0.0773029786349944	0.0757815589534977	

