precision:	0	0.05	0.0333333333333333	0.05	0.04	0.0333333333333333	0.0285714285714286	0.025	0.0222222222222222	0.02	

MAP:	0.0439046915196282

NDCG:	0	0.05	0.0380093766715934	0.0479090914859699	0.0421158283299217	0.0407403865919421	0.0396925210833154	0.0388577285649901	0.0381711642126428	0.0375928820751469	

