precision:	0	0.1	0.166666666666667	0.125	0.14	0.133333333333333	0.128571428571429	0.1125	0.1	0.09	

MAP:	0.0798909149104835

NDCG:	0	0.1	0.147962493313626	0.128163063684873	0.144027137526046	0.143666965030435	0.143392571484794	0.135986966675129	0.129896322403318	0.127794232870654	

