precision:	0.1	0.15	0.133333333333333	0.1	0.12	0.1	0.114285714285714	0.1	0.0888888888888889	0.09	

MAP:	0.0594439233032766

NDCG:	0.1	0.15	0.138009376671593	0.11596969716199	0.126130809433668	0.113773062718025	0.120908262661266	0.112218578022497	0.105071858837606	0.11206279521986	

