precision:	0.1	0.05	0.0666666666666667	0.05	0.08	0.0666666666666667	0.0714285714285714	0.0625	0.0555555555555556	0.06	

MAP:	0.0581426989224299

NDCG:	0.1	0.05	0.0619906233284066	0.0520909085140302	0.0699763716604387	0.0631203918967148	0.0661721456286696	0.0614163492527446	0.0575050057906791	0.0599395440500525	

