precision:	0.2	0.1	0.0666666666666667	0.075	0.06	0.05	0.0428571428571429	0.0375	0.0333333333333333	0.04	

MAP:	0.0900582581017931

NDCG:	0.2	0.1	0.0760187533431869	0.0859184681575633	0.0801252050015151	0.0759988797875764	0.0728552832616962	0.0703509057067203	0.0682912126496783	0.0791548930068229	

