precision:	0.1	0.1	0.133333333333333	0.125	0.12	0.116666666666667	0.114285714285714	0.1125	0.1	0.09	

MAP:	0.0765132997597897

NDCG:	0.1	0.1	0.123981246656813	0.126221496537664	0.127646910578083	0.130397794054042	0.132493525071295	0.1363351766179	0.131797444453711	0.129283378413944	

