precision:	0.2	0.15	0.1	0.1	0.08	0.0666666666666667	0.0571428571428571	0.05	0.0444444444444444	0.04	

MAP:	0.0892324503388127

NDCG:	0.2	0.15	0.11402813001478	0.117857862481543	0.10820242388813	0.102700656936211	0.0985091949017043	0.0951700248284032	0.0924237674190139	0.0901106388690305	

