precision:	0	0.05	0.0666666666666667	0.075	0.06	0.05	0.0428571428571429	0.05	0.0555555555555556	0.05	

MAP:	0.0448639202626222

NDCG:	0	0.05	0.0619906233284066	0.0710955968498269	0.0647966600155147	0.0603101623059648	0.0568921722344436	0.0613562027743029	0.0650275871832166	0.0631413120952149	

