precision:	0.2	0.1	0.1	0.1	0.1	0.0833333333333333	0.0857142857142857	0.075	0.0888888888888889	0.09	

MAP:	0.107085671113671

NDCG:	0.2	0.1	0.1	0.106069982347614	0.109932157784979	0.102885477310363	0.105791947754849	0.100920409997594	0.109651017401741	0.112265926476353	

