precision:	0.1	0.05	0.0333333333333333	0.05	0.04	0.0666666666666667	0.0571428571428571	0.05	0.0444444444444444	0.05	

MAP:	0.0453125836899081

NDCG:	0.1	0.05	0.0380093766715934	0.0479090914859699	0.0421158283299217	0.0624911011331996	0.0585367651800863	0.0553865039667654	0.052795612215618	0.0580771921758579	

