precision:	0	0	0	0	0	0	0	0	0	0.01	

MAP:	0.0336152769422899

NDCG:	0	0	0	0	0	0	0	0	0	0.00572900009676766	

