precision:	0.2	0.1	0.1	0.1	0.08	0.0833333333333333	0.0714285714285714	0.0625	0.0666666666666667	0.06	

MAP:	0.0439794992870774

NDCG:	0.2	0.1	0.1	0.1	0.0879078000096396	0.0890925410367267	0.0817202150120921	0.0766817704047054	0.0813953429424875	0.0779050834429664	

