precision:	0.2	0.15	0.166666666666667	0.15	0.14	0.116666666666667	0.1	0.1	0.0888888888888889	0.08	

MAP:	0.174016070033441

NDCG:	0.2	0.15	0.213092975357146	0.213092975357146	0.213092975357146	0.20329541140657	0.19583124258801	0.206551504650314	0.201660960788973	0.19754173416734	

