precision:	0.3	0.25	0.2	0.175	0.18	0.15	0.142857142857143	0.125	0.122222222222222	0.11	

MAP:	0.2722867632302

NDCG:	0.3	0.3	0.288009376671593	0.288009376671593	0.300101576661954	0.289119271684291	0.289027428890366	0.283196765667333	0.294174655653296	0.290135606048015	

