precision:	0.2	0.1	0.0666666666666667	0.1	0.08	0.0833333333333333	0.0714285714285714	0.075	0.0666666666666667	0.06	

MAP:	0.105004701496255

NDCG:	0.2	0.1	0.0760187533431869	0.10484848580995	0.0951930472165361	0.127001119250092	0.121761791706959	0.13592408081865	0.133864387761608	0.13212954134912	

