precision:	0	0.1	0.0666666666666667	0.05	0.04	0.05	0.0428571428571429	0.0625	0.0555555555555556	0.06	

MAP:	0.0542691057712364

NDCG:	0	0.1	0.0760187533431869	0.0638787886479598	0.0561544377732289	0.0604502347718862	0.0554480333101462	0.0680090589929553	0.0642738933212289	0.0668568233064883	

