precision:	0.1	0.05	0.0333333333333333	0.05	0.04	0.0666666666666667	0.0714285714285714	0.075	0.0666666666666667	0.06	

MAP:	0.1590024270733

NDCG:	0.1	0.1	0.1	0.11596969716199	0.114038609443307	0.132258295606479	0.137863859489179	0.153049849979175	0.151832086932723	0.150806384658699	

