precision:	0.2	0.15	0.1	0.125	0.12	0.1	0.128571428571429	0.125	0.122222222222222	0.11	

MAP:	0.199087736437577

NDCG:	0.2	0.2	0.188009376671593	0.219948770995573	0.228178795548568	0.224243171045522	0.255605033654097	0.260527736880154	0.273981024133078	0.272026961925984	

