precision:	0	0	0.0333333333333333	0.025	0.02	0.0166666666666667	0.0142857142857143	0.025	0.0222222222222222	0.02	

MAP:	0.0599243036385467

NDCG:	0	0	0.0239812466568131	0.0201515141900502	0.0177147527931035	0.0159791385595128	0.014656879505245	0.0302701552961712	0.0294038075408963	0.0286740967278862	

