precision:	0.1	0.05	0.0333333333333333	0.025	0.04	0.05	0.0428571428571429	0.05	0.0555555555555556	0.05	

MAP:	0.063534693668803

NDCG:	0.1	0.05	0.0380093766715934	0.0319393943239799	0.0401694188769748	0.0460313583245042	0.0422223056588593	0.0494093121111098	0.055320172979993	0.0545697961484907	

