precision:	0.1	0.15	0.1	0.075	0.08	0.0833333333333333	0.0857142857142857	0.075	0.0666666666666667	0.06	

MAP:	0.056934685223551

NDCG:	0.1	0.15	0.11402813001478	0.0958181829719397	0.0963238566502037	0.0966840291458148	0.0986848216070801	0.0946266003967835	0.0912889686430645	0.0884777349719371	

