precision:	0	0	0	0	0.02	0.0333333333333333	0.0285714285714286	0.025	0.0222222222222222	0.03	

MAP:	0.0385820157612012

NDCG:	0	0	0	0	0.0120921999903604	0.0207050229138489	0.0189917012654575	0.017626766470117	0.0165041934316818	0.0212876682707777	

