precision:	0	0.15	0.1	0.075	0.06	0.05	0.0428571428571429	0.0375	0.0333333333333333	0.03	

MAP:	0.102066013421186

NDCG:	0	0.2	0.188009376671593	0.18193939432398	0.178077218886614	0.178077218886614	0.178077218886614	0.178077218886614	0.178077218886614	0.178077218886614	

