precision:	0.2	0.2	0.133333333333333	0.15	0.14	0.116666666666667	0.114285714285714	0.1	0.1	0.09	

MAP:	0.207029480942937

NDCG:	0.2	0.25	0.21402813001478	0.23678788013393	0.239640013622588	0.230011921456731	0.230951771142136	0.225108223513859	0.227630712800051	0.22358273783758	

