precision:	0	0	0	0	0.04	0.0333333333333333	0.0285714285714286	0.0375	0.0333333333333333	0.03	

MAP:	0.0726937143022295

NDCG:	0	0	0	0	0.0551598557976997	0.0539751147706126	0.0530725325494542	0.0690201480791254	0.0684287737347958	0.0679306686136517	

