precision:	0.3	0.2	0.133333333333333	0.1	0.08	0.0666666666666667	0.0571428571428571	0.05	0.0444444444444444	0.04	

MAP:	0.186040513139258

NDCG:	0.3	0.25	0.21402813001478	0.19581818297194	0.184231656659843	0.178729889707925	0.174538427673418	0.171199257600117	0.168453000190728	0.166139871640744	

