precision:	0.1	0.1	0.133333333333333	0.125	0.1	0.0833333333333333	0.0714285714285714	0.0875	0.0777777777777778	0.08	

MAP:	0.127745800476224

NDCG:	0.1	0.1	0.163092975357146	0.163092975357146	0.151000775366785	0.142387952443297	0.135826365845895	0.155009213842996	0.150710044325984	0.154082031565312	

