precision:	0.1	0.1	0.1	0.1	0.08	0.0666666666666667	0.0571428571428571	0.05	0.0555555555555556	0.05	

MAP:	0.0661453760292197

NDCG:	0.1	0.1	0.1	0.1	0.0879078000096396	0.0810305913197418	0.0757912637766081	0.0716173011849817	0.0745530498603598	0.0712967837663756	

