precision:	0.2	0.2	0.166666666666667	0.15	0.12	0.1	0.0857142857142857	0.1	0.0888888888888889	0.09	

MAP:	0.20191246714289

NDCG:	0.2	0.25	0.238009376671593	0.23193939432398	0.215985018896254	0.204621312496806	0.195963994882151	0.215146842879252	0.21084767336224	0.214219660601568	

