precision:	0.1	0.1	0.133333333333333	0.125	0.1	0.0833333333333333	0.0714285714285714	0.075	0.0777777777777778	0.07	

MAP:	0.126665565351871

NDCG:	0.1	0.1	0.163092975357146	0.163092975357146	0.151000775366785	0.142387952443297	0.135826365845895	0.147265679045195	0.150294949280806	0.146673827780317	

