precision:	0.4	0.25	0.166666666666667	0.2	0.16	0.133333333333333	0.114285714285714	0.1125	0.122222222222222	0.11	

MAP:	0.244777382046214

NDCG:	0.4	0.3	0.26402813001478	0.30275757729592	0.287308875546458	0.276305341642621	0.267922417573607	0.271437942907535	0.279369133315333	0.274591447539852	

