precision:	0	0.05	0.0333333333333333	0.025	0.06	0.0666666666666667	0.0571428571428571	0.05	0.0444444444444444	0.04	

MAP:	0.0268213732122078

NDCG:	0	0.05	0.0380093766715934	0.0319393943239799	0.0522616188673352	0.0581235583148646	0.0543145056492197	0.0512799858172286	0.0487842840740988	0.0466821945414354	

