precision:	0	0.05	0.1	0.1	0.1	0.0833333333333333	0.0714285714285714	0.075	0.0666666666666667	0.06	

MAP:	0.105087235038615

NDCG:	0	0.05	0.0859718699852197	0.12224242270408	0.125598924463182	0.118192071492954	0.112549240146007	0.124720488887546	0.121023290327972	0.117909199305816	

