precision:	0.2	0.15	0.133333333333333	0.15	0.12	0.1	0.0857142857142857	0.0875	0.0777777777777778	0.07	

MAP:	0.153717980657018

NDCG:	0.2	0.15	0.177121105371926	0.196920535000679	0.185334008688582	0.177081358260705	0.170794165208945	0.18245207676566	0.178332690651576	0.174862997826601	

