precision:	0.1	0.1	0.1	0.125	0.1	0.0833333333333333	0.0714285714285714	0.075	0.0777777777777778	0.08	

MAP:	0.117494128839827

NDCG:	0.1	0.1	0.1	0.15	0.13790780000964	0.129294977086151	0.12273339048875	0.125249571819183	0.136723646141458	0.140095633380786	

