precision:	0	0	0	0.025	0.02	0.0333333333333333	0.0285714285714286	0.0375	0.0333333333333333	0.03	

MAP:	0.0702715453658594

NDCG:	0	0	0	0.01596969716199	0.0140386094433072	0.0513484484287818	0.0503005829201551	0.0661324570684965	0.0654458927161491	0.0648676105786533	

