precision:	0.1	0.1	0.1	0.125	0.12	0.116666666666667	0.1	0.1	0.0888888888888889	0.08	

MAP:	0.115509175711152

NDCG:	0.1	0.1	0.1	0.11596969716199	0.114038609443307	0.141550884478206	0.13303885015102	0.145428697249974	0.141911282093328	0.138948619746686	

