precision:	0.2	0.2	0.166666666666667	0.125	0.1	0.0833333333333333	0.1	0.0875	0.0777777777777778	0.08	

MAP:	0.255805122603768

NDCG:	0.2	0.25	0.261990623328407	0.25209090851403	0.245791971679718	0.241305473970168	0.254437300390233	0.252194473135406	0.250349888753258	0.26023818742068	

