precision:	0.2	0.15	0.133333333333333	0.125	0.1	0.0833333333333333	0.0714285714285714	0.0875	0.0777777777777778	0.08	

MAP:	0.19441246714289

NDCG:	0.2	0.2	0.2	0.2	0.18790780000964	0.179294977086151	0.17273339048875	0.19191623848585	0.187617068968838	0.190989056208167	

