precision:	0.1	0.1	0.1	0.075	0.1	0.116666666666667	0.1	0.1	0.1	0.1	

MAP:	0.151958947031291

NDCG:	0.1	0.1	0.111990623328407	0.10209090851403	0.119976371660439	0.142260596209017	0.136226702267946	0.142048773924856	0.146837061755304	0.160192659449329	

