precision:	0	0.05	0.133333333333333	0.1	0.1	0.0833333333333333	0.0714285714285714	0.0875	0.0777777777777778	0.08	

MAP:	0.118058703154402

NDCG:	0	0.05	0.149064845342365	0.135335398061226	0.138691899820328	0.1312850468501	0.125642215503153	0.145556999042493	0.141859800482919	0.14573881820058	

