precision:	0.2	0.15	0.166666666666667	0.125	0.12	0.1	0.0857142857142857	0.075	0.0666666666666667	0.06	

MAP:	0.061160103003591

NDCG:	0.2	0.15	0.161990623328407	0.13612121135204	0.131753362236411	0.118844742314265	0.10901044893281	0.101175860934382	0.0947324049654188	0.0893051853932796	

