precision:	0.3	0.15	0.1	0.1	0.08	0.0833333333333333	0.0714285714285714	0.0625	0.0555555555555556	0.05	

MAP:	0.083310573028762

NDCG:	0.3	0.15	0.11402813001478	0.11178788013393	0.102132441540516	0.105052796801194	0.099002729830827	0.0941828835808556	0.0902188631250135	0.0868800323010066	

