precision:	0.3	0.2	0.166666666666667	0.175	0.18	0.15	0.128571428571429	0.1125	0.111111111111111	0.12	

MAP:	0.101635583077281

NDCG:	0.3	0.2	0.176018753343187	0.17984848580995	0.187810771068302	0.173886881903788	0.163279116559348	0.154828334400009	0.163651341320913	0.170333139832023	

