precision:	0.2	0.1	0.0666666666666667	0.075	0.06	0.0833333333333333	0.0714285714285714	0.075	0.0666666666666667	0.06	

MAP:	0.0806159640156448

NDCG:	0.2	0.1	0.0760187533431869	0.0798484858099498	0.0740552226539016	0.089524025341114	0.0847589499607678	0.0881498115413522	0.0845700115278678	0.0815548034173276	

