precision:	0.1	0.1	0.0666666666666667	0.05	0.06	0.05	0.0571428571428571	0.05	0.0444444444444444	0.04	

MAP:	0.0778127557260737

NDCG:	0.1	0.1	0.0760187533431869	0.0638787886479598	0.0721088132009547	0.0681731886979085	0.0734497837052896	0.0704664293421006	0.0680128079796397	0.0659461620763995	

