precision:	0.3	0.2	0.133333333333333	0.1	0.1	0.0833333333333333	0.1	0.1	0.0888888888888889	0.08	

MAP:	0.0507805485924011

NDCG:	0.3	0.2	0.152037506686374	0.12775757729592	0.124401075536818	0.112212800605895	0.122579244371594	0.121774141350704	0.114743424305927	0.108821564152715	

