precision:	0.2	0.2	0.166666666666667	0.15	0.14	0.133333333333333	0.114285714285714	0.125	0.122222222222222	0.14	

MAP:	0.0749442153407545

NDCG:	0.2	0.2	0.176018753343187	0.16387878864796	0.156154437773229	0.150652670821311	0.138186300541011	0.142628855109503	0.139914006445319	0.152971048809068	

