precision:	0.1	0.15	0.133333333333333	0.1	0.1	0.0833333333333333	0.0857142857142857	0.0875	0.0888888888888889	0.09	

MAP:	0.0742685982884733

NDCG:	0.1	0.15	0.145574617693353	0.127364670650513	0.127870344328777	0.118432952873812	0.119518085846686	0.120382567862446	0.12109354995948	0.121692398771521	

