precision:	0.2	0.15	0.1	0.1	0.08	0.0833333333333333	0.0857142857142857	0.075	0.0777777777777778	0.07	

MAP:	0.0448968898587892

NDCG:	0.2	0.15	0.11402813001478	0.11178788013393	0.0982702661031506	0.0984397378878692	0.0985688481460419	0.0914846986698769	0.0920270016330184	0.0867547746204104	

