precision:	0.1	0.1	0.0666666666666667	0.05	0.06	0.0666666666666667	0.0714285714285714	0.0625	0.0555555555555556	0.05	

MAP:	0.0527157080828912

NDCG:	0.1	0.1	0.0760187533431869	0.0638787886479598	0.0682466377635893	0.0713576937351595	0.07682995186234	0.0721258469936983	0.0682570165458738	0.0649983627382187	

