precision:	0.2	0.15	0.1	0.125	0.12	0.1	0.0857142857142857	0.075	0.0666666666666667	0.06	

MAP:	0.0770594959336871

NDCG:	0.2	0.15	0.11402813001478	0.12775757729592	0.128263250974184	0.118825859519219	0.1116360842463	0.105908277999353	0.101197517540939	0.0972297195948204	

