precision:	0.1	0.05	0.0333333333333333	0.05	0.06	0.05	0.0714285714285714	0.0625	0.0666666666666667	0.06	

MAP:	0.0675771147692884

NDCG:	0.1	0.05	0.0380093766715934	0.0479090914859699	0.0580702037576475	0.0555100209925809	0.0701093897543816	0.0673661097199749	0.0714785048335396	0.0692133091541859	

