precision:	0.2	0.15	0.1	0.125	0.12	0.1	0.0857142857142857	0.075	0.0666666666666667	0.07	

MAP:	0.0995034922204973

NDCG:	0.2	0.15	0.126018753343187	0.14581818297194	0.146323856650204	0.136886465195239	0.12969668992232	0.123968883675373	0.11925812321696	0.121019325367608	

