precision:	0.1	0.1	0.133333333333333	0.1	0.08	0.0666666666666667	0.0571428571428571	0.05	0.0555555555555556	0.05	

MAP:	0.069283697577485

NDCG:	0.1	0.1	0.123981246656813	0.10418181702806	0.0940207047563827	0.0867833235708737	0.0812696024820989	0.0768770415330573	0.0796330068055078	0.0762253120360094	

