precision:	0.2	0.1	0.0666666666666667	0.05	0.06	0.0666666666666667	0.0714285714285714	0.0625	0.0666666666666667	0.06	

MAP:	0.0798143316030944

NDCG:	0.2	0.1	0.0760187533431869	0.0638787886479598	0.0721088132009547	0.0779707526484841	0.0824366082286321	0.0788073702070981	0.0821911205876465	0.0793121991413736	

