precision:	0.3	0.2	0.133333333333333	0.15	0.14	0.116666666666667	0.1	0.1	0.0888888888888889	0.1	

MAP:	0.0613111818996679

NDCG:	0.3	0.2	0.152037506686374	0.1596969716199	0.152478294423433	0.13753913601655	0.126157898709124	0.124277928841126	0.116363201405092	0.125040469315618	

