precision:	0.3	0.2	0.2	0.175	0.16	0.133333333333333	0.128571428571429	0.125	0.111111111111111	0.1	

MAP:	0.098341591689194

NDCG:	0.3	0.2	0.2	0.18403030283801	0.177731366003698	0.163447304343572	0.160840053699284	0.158762961445238	0.150686113242259	0.143883113600523	

