precision:	0.3	0.15	0.133333333333333	0.1	0.1	0.1	0.0857142857142857	0.0875	0.0888888888888889	0.08	

MAP:	0.0865757477202665

NDCG:	0.3	0.15	0.138009376671593	0.11596969716199	0.117900784880673	0.119276226618652	0.112049183881486	0.113478694589354	0.114654377255138	0.109915635802971	

