precision:	0.3	0.15	0.1	0.1	0.08	0.0833333333333333	0.0857142857142857	0.075	0.0777777777777778	0.07	

MAP:	0.0850110959328167

NDCG:	0.3	0.15	0.11402813001478	0.11178788013393	0.102132441540516	0.105052796801194	0.10727763807662	0.101863073637106	0.103778505304942	0.0996628425673254	

