precision:	0.3	0.25	0.166666666666667	0.15	0.12	0.116666666666667	0.114285714285714	0.1	0.0888888888888889	0.1	

MAP:	0.0784087661065006

NDCG:	0.3	0.25	0.190046883357967	0.175666668781889	0.154424703876379	0.14909240870918	0.145030056932845	0.134606737383379	0.126034212500017	0.132223857487671	

