precision:	0.2	0.2	0.166666666666667	0.175	0.14	0.116666666666667	0.114285714285714	0.1	0.1	0.11	

MAP:	0.0798738084608048

NDCG:	0.2	0.2	0.176018753343187	0.17984848580995	0.158100847226176	0.14434642984638	0.142142683005906	0.13320003963311	0.132213848233315	0.138403493220969	

