precision:	0.2	0.15	0.166666666666667	0.125	0.12	0.116666666666667	0.1	0.1125	0.1	0.09	

MAP:	0.0696851503710627

NDCG:	0.2	0.15	0.161990623328407	0.13612121135204	0.131753362236411	0.12864230626484	0.117997273456153	0.123890814703881	0.116000740904349	0.112053708320668	

