precision:	0.1	0.1	0.1	0.075	0.06	0.0666666666666667	0.0571428571428571	0.05	0.0555555555555556	0.05	

MAP:	0.0395671556035896

NDCG:	0.1	0.1	0.1	0.0840303028380101	0.0738691905663324	0.076429373331399	0.0701049128153912	0.0650664682080045	0.0672912347863497	0.0638009752868285	

