precision:	0	0.05	0.0666666666666667	0.05	0.06	0.0666666666666667	0.0714285714285714	0.0625	0.0555555555555556	0.06	

MAP:	0.0685264317239509

NDCG:	0	0.05	0.0619906233284066	0.0520909085140302	0.0578841716700783	0.062010496884017	0.0651540934098973	0.0604714645126227	0.0566202967007814	0.0606814964176112	

