precision:	0.2	0.15	0.133333333333333	0.125	0.1	0.0833333333333333	0.0857142857142857	0.075	0.0666666666666667	0.06	

MAP:	0.0607826710237015

NDCG:	0.2	0.15	0.138009376671593	0.13193939432398	0.115985018896254	0.104621312496806	0.109503208030069	0.102606269526051	0.0969339713043453	0.0927345676663602	

