precision:	0.1	0.1	0.133333333333333	0.1	0.08	0.0666666666666667	0.0571428571428571	0.05	0.0444444444444444	0.04	

MAP:	0.0679334468574074

NDCG:	0.1	0.1	0.123981246656813	0.108011549494823	0.0978504372231455	0.0906130560376366	0.0850993349488618	0.0807067739998202	0.0770941688351559	0.0759376045601643	

