precision:	0.1	0.05	0.0333333333333333	0.05	0.06	0.0833333333333333	0.0714285714285714	0.0625	0.0555555555555556	0.06	

MAP:	0.0521113476383473

NDCG:	0.1	0.05	0.0380093766715934	0.0479090914859699	0.054208028320282	0.0745833011235599	0.0706289651704467	0.0674787039571258	0.0648878122059783	0.0701693921662183	

