precision:	0.1	0.15	0.133333333333333	0.1	0.1	0.1	0.114285714285714	0.1	0.0888888888888889	0.08	

MAP:	0.0712727886906271

NDCG:	0.1	0.15	0.138009376671593	0.11596969716199	0.114038609443307	0.112663167705328	0.119890210442494	0.111273693282375	0.104187149747708	0.0997868086199385	

