precision:	0	0.1	0.0666666666666667	0.05	0.1	0.0833333333333333	0.0714285714285714	0.0625	0.0555555555555556	0.05	

MAP:	0.0491630458487662

NDCG:	0	0.1	0.0760187533431869	0.0638787886479598	0.0967085852733866	0.0900220772943813	0.0849280330387159	0.0808698118284193	0.0775321800747003	0.0758775106785646	

