precision:	0.1	0.05	0.0666666666666667	0.075	0.06	0.05	0.0571428571428571	0.0625	0.0666666666666667	0.06	

MAP:	0.060345046664626

NDCG:	0.1	0.05	0.0619906233284066	0.10209090851403	0.095791971679718	0.0913054739701681	0.0961623921444398	0.101701289531407	0.106256684331579	0.104364620179962	

