precision:	0.2	0.1	0.0666666666666667	0.075	0.06	0.05	0.0428571428571429	0.0375	0.0333333333333333	0.03	

MAP:	0.0842979761759974

NDCG:	0.2	0.1	0.0880093766715934	0.0979090914859699	0.0921158283299217	0.087989503115983	0.0848459065901027	0.0840111140717774	0.0833245497194301	0.0827462675819343	

