precision:	0.2	0.1	0.0666666666666667	0.1	0.12	0.15	0.128571428571429	0.1125	0.1	0.09	

MAP:	0.172087547689776

NDCG:	0.2	0.15	0.138009376671593	0.16387878864796	0.18033883775395	0.204418561004611	0.196800455673321	0.195435520877981	0.194312947839546	0.193367422581874	

