precision:	0.3	0.15	0.166666666666667	0.15	0.14	0.116666666666667	0.1	0.1	0.0888888888888889	0.09	

MAP:	0.086924826920964

NDCG:	0.3	0.15	0.161990623328407	0.15209090851403	0.145791971679718	0.131507910019593	0.120625751129511	0.119143377065008	0.111555647175466	0.113126575671233	

