precision:	0.2	0.15	0.133333333333333	0.125	0.1	0.1	0.0857142857142857	0.075	0.0888888888888889	0.09	

MAP:	0.0778539779592732

NDCG:	0.2	0.15	0.138009376671593	0.13193939432398	0.115985018896254	0.114418876447382	0.104950819405494	0.0974079972431314	0.109563694092841	0.110879863820633	

