precision:	0.2	0.15	0.133333333333333	0.125	0.1	0.1	0.1	0.1	0.1	0.1	

MAP:	0.0804037894755589

NDCG:	0.2	0.15	0.138009376671593	0.13193939432398	0.115985018896254	0.114418876447382	0.118490032553412	0.120306283353254	0.120471356874557	0.121787526602349	

