precision:	0.2	0.15	0.133333333333333	0.1	0.1	0.0833333333333333	0.0714285714285714	0.0625	0.0555555555555556	0.07	

MAP:	0.0810415669953299

NDCG:	0.2	0.15	0.138009376671593	0.11596969716199	0.117900784880673	0.109478662668077	0.103062359358143	0.0979507472721064	0.0937467677631125	0.10166382347251	

