precision:	0.2	0.1	0.133333333333333	0.1	0.08	0.0833333333333333	0.0714285714285714	0.075	0.0888888888888889	0.08	

MAP:	0.0681573949748726

NDCG:	0.2	0.1	0.123981246656813	0.10418181702806	0.0940207047563827	0.0965808875214493	0.0902564270054415	0.0924049888503052	0.100540616297534	0.0959351245600052	

