precision:	0.1	0.05	0.1	0.075	0.08	0.0833333333333333	0.0714285714285714	0.075	0.0666666666666667	0.07	

MAP:	0.0618614224413787

NDCG:	0.1	0.05	0.0859718699852197	0.0722424227040804	0.0780356858601286	0.0821620110740673	0.0770306993541546	0.0801297950986734	0.0763100360320371	0.0788217143581341	

