precision:	0	0	0	0	0.04	0.0333333333333333	0.0285714285714286	0.025	0.0222222222222222	0.02	

MAP:	0.0538045450149158

NDCG:	0	0	0	0	0.0275110968288011	0.0275110968288011	0.0275110968288011	0.0275110968288011	0.0275110968288011	0.0275110968288011	

