precision:	0.1	0.05	0.1	0.075	0.08	0.0666666666666667	0.0571428571428571	0.0625	0.0555555555555556	0.06	

MAP:	0.0607359332013814

NDCG:	0.1	0.05	0.0859718699852197	0.0722424227040804	0.0780356858601286	0.0723644471234917	0.068043874830812	0.0717888542336759	0.0685002938611451	0.0714593923237697	

