precision:	0.3	0.15	0.133333333333333	0.1	0.1	0.0833333333333333	0.0857142857142857	0.0875	0.0888888888888889	0.08	

MAP:	0.0859982367895825

NDCG:	0.3	0.15	0.138009376671593	0.11596969716199	0.117900784880673	0.109478662668077	0.111337267603936	0.112817943780607	0.11403570682706	0.109332409004315	

