precision:	0.1	0.15	0.1	0.075	0.06	0.05	0.0428571428571429	0.0625	0.0666666666666667	0.07	

MAP:	0.0505450916643282

NDCG:	0.1	0.15	0.11402813001478	0.0958181829719397	0.0842316566598433	0.0759790062319659	0.0696918131802055	0.0790570709747546	0.0803908361613223	0.0815142451766155	

