precision:	0	0	0	0.025	0.02	0.0166666666666667	0.0571428571428571	0.0625	0.0666666666666667	0.06	

MAP:	0.0492291446340876

NDCG:	0	0	0	0.01596969716199	0.0140386094433072	0.0126631677053277	0.0459754780436879	0.0511382555985271	0.0553843154881899	0.053231703504983	

