precision:	0.3	0.15	0.133333333333333	0.1	0.08	0.1	0.0857142857142857	0.0875	0.0888888888888889	0.08	

MAP:	0.0859946054148595

NDCG:	0.3	0.15	0.138009376671593	0.11596969716199	0.105808584890312	0.118166331605955	0.111031131662714	0.112533809849232	0.11376966816524	0.109081611697689	

