precision:	0.2	0.1	0.133333333333333	0.1	0.1	0.0833333333333333	0.0714285714285714	0.0625	0.0555555555555556	0.07	

MAP:	0.0796228439291169

NDCG:	0.2	0.1	0.123981246656813	0.10418181702806	0.107538318787162	0.100131465816934	0.0944886344699867	0.0899932165448596	0.0862960179852855	0.094639927156665	

