precision:	0	0	0.0333333333333333	0.075	0.08	0.0666666666666667	0.0571428571428571	0.05	0.0555555555555556	0.05	

MAP:	0.0488991593778013

NDCG:	0	0	0.0239812466568131	0.0520909085140301	0.0578841716700783	0.0522129329334415	0.0478923606407618	0.0444503335913752	0.0479880532241908	0.04523881760854	

