precision:	0.1	0.1	0.1	0.075	0.14	0.116666666666667	0.128571428571429	0.125	0.122222222222222	0.13	

MAP:	0.115026876869626

NDCG:	0.1	0.1	0.1	0.0901002851856236	0.132170148312753	0.124129427521942	0.139817812180656	0.142249022256981	0.153653213065971	0.165316945635205	

