precision:	0	0.1	0.166666666666667	0.175	0.16	0.15	0.128571428571429	0.1125	0.111111111111111	0.1	

MAP:	0.124048137210285

NDCG:	0	0.1	0.155527734335386	0.17070269020442	0.168265928807473	0.177260132012121	0.169376286360452	0.164765127053995	0.17296336181481	0.169769093776302	

