precision:	0	0	0.0333333333333333	0.025	0.04	0.0333333333333333	0.0285714285714286	0.025	0.0222222222222222	0.02	

MAP:	0.0536978004588613

NDCG:	0	0	0.0239812466568131	0.0201515141900502	0.0298069527834639	0.0268865975227861	0.0259840153016278	0.0252649641646323	0.0252649641646323	0.0252649641646323	

