precision:	0	0.1	0.166666666666667	0.175	0.2	0.183333333333333	0.171428571428571	0.1625	0.155555555555556	0.14	

MAP:	0.136696748903583

NDCG:	0	0.1	0.155527734335386	0.167667699030613	0.191761797424781	0.193557211569276	0.191997826433615	0.192425111734544	0.198398579917014	0.193330426687765	

