precision:	0.4	0.3	0.2	0.15	0.14	0.116666666666667	0.1	0.0875	0.0888888888888889	0.08	

MAP:	0.116203499331943

NDCG:	0.4	0.3	0.240046883357967	0.215766953967513	0.216687999737488	0.208435349309611	0.20214815625785	0.197139401147899	0.204468900833534	0.202155772283551	

