precision:	0	0	0.0333333333333333	0.05	0.06	0.1	0.0857142857142857	0.1	0.0888888888888889	0.1	

MAP:	0.0659614978191537

NDCG:	0	0	0.0239812466568131	0.0399509438188031	0.0501120560904807	0.0780087521721908	0.0744368255879396	0.0914480132920436	0.0886499676389241	0.107073718562198	

