precision:	0	0.05	0.0666666666666667	0.05	0.06	0.1	0.1	0.125	0.133333333333333	0.12	

MAP:	0.103122215664201

NDCG:	0	0.05	0.0619906233284066	0.055920640980793	0.064150665533788	0.0906719198775184	0.0943270360304334	0.117814770615915	0.136116521349511	0.13251724203786	

