precision:	0	0	0	0.05	0.04	0.05	0.0571428571428571	0.05	0.0444444444444444	0.04	

MAP:	0.0662125154930289

NDCG:	0	0	0	0.0319393943239799	0.0280772188866144	0.0351238993612309	0.045756642064662	0.0442759658879916	0.0435894015356443	0.0430111193981485	

