precision:	0	0	0.0666666666666667	0.05	0.08	0.116666666666667	0.1	0.1125	0.122222222222222	0.11	

MAP:	0.0984404294246888

NDCG:	0	0	0.0479624933136263	0.0441327608468634	0.0658803994306374	0.0922321819896493	0.0874832796385987	0.104275868985287	0.123439854205642	0.12056682116693	

