precision:	0.2	0.15	0.133333333333333	0.15	0.14	0.166666666666667	0.157142857142857	0.1375	0.122222222222222	0.13	

MAP:	0.151167586046324

NDCG:	0.2	0.15	0.138009376671593	0.153979073833583	0.156325533643977	0.176794147829286	0.175838125114584	0.16937016979933	0.164050683274776	0.176741127722063	

