precision:	0.2	0.2	0.166666666666667	0.125	0.16	0.166666666666667	0.142857142857143	0.1375	0.122222222222222	0.12	

MAP:	0.129427532820476

NDCG:	0.2	0.2	0.176018753343187	0.151738823952733	0.172566722174352	0.178668280085455	0.166766869925733	0.170674336070659	0.163467873869116	0.163126986487101	

