precision:	0.1	0.05	0.0666666666666667	0.1	0.08	0.0666666666666667	0.0571428571428571	0.0625	0.0777777777777778	0.07	

MAP:	0.0935655220891743

NDCG:	0.1	0.05	0.0619906233284066	0.0840303028380101	0.0738691905663324	0.0693826928567826	0.0672869618395291	0.0736391757734542	0.0877208486865419	0.0863921897175438	

