precision:	0.1	0.1	0.1	0.1	0.12	0.1	0.114285714285714	0.125	0.122222222222222	0.12	

MAP:	0.115937066379363

NDCG:	0.1	0.1	0.1	0.106069982347614	0.122024357775339	0.113792936273636	0.129336037644882	0.141961113201737	0.154051868363074	0.156679167334946	

