precision:	0.2	0.15	0.133333333333333	0.15	0.12	0.1	0.114285714285714	0.1	0.1	0.09	

MAP:	0.12416504038482

NDCG:	0.2	0.15	0.138009376671593	0.151738823952733	0.136290122203271	0.128037471775394	0.143564400117344	0.138555645007392	0.140804829330423	0.136970281098943	

