precision:	0.1	0.05	0.0333333333333333	0.05	0.06	0.05	0.0571428571428571	0.075	0.0888888888888889	0.1	

MAP:	0.0940254186615328

NDCG:	0.1	0.05	0.0380093766715934	0.0509440826597766	0.0591741072127715	0.0552384827097253	0.0605150777171064	0.0746343311139228	0.0905399035169833	0.103452118038864	

