precision:	0	0	0.0333333333333333	0.1	0.12	0.116666666666667	0.1	0.1	0.122222222222222	0.11	

MAP:	0.0965571610466612

NDCG:	0	0	0.0239812466568131	0.0710955968498269	0.0889810599962354	0.0931073852101741	0.0879760734902614	0.0919099617531055	0.122909204643624	0.119905309603944	

