precision:	0.1	0.1	0.133333333333333	0.1	0.12	0.133333333333333	0.114285714285714	0.125	0.133333333333333	0.12	

MAP:	0.1221537541154

NDCG:	0.1	0.1	0.123981246656813	0.108011549494823	0.122034837203866	0.134773985341294	0.130025082990243	0.146817672336932	0.165981657557286	0.163108624518574	

