precision:	0.1	0.15	0.133333333333333	0.125	0.14	0.116666666666667	0.114285714285714	0.1	0.111111111111111	0.1	

MAP:	0.122253716418348

NDCG:	0.1	0.15	0.138009376671593	0.138009376671593	0.150101576661954	0.139119271684291	0.146516575067917	0.141623561339295	0.161114308214324	0.158516501274188	

