precision:	0.5	0.3	0.233333333333333	0.175	0.18	0.166666666666667	0.171428571428571	0.15	0.133333333333333	0.13	

MAP:	0.171410679658875

NDCG:	0.5	0.3	0.252037506686374	0.217857862481543	0.22029462387849	0.212232674161505	0.221725708562384	0.212034324555158	0.205436899333927	0.205608994027934	

