precision:	0	0.05	0.0666666666666667	0.05	0.06	0.0833333333333333	0.0857142857142857	0.075	0.0777777777777778	0.08	

MAP:	0.0861388000172706

NDCG:	0	0.05	0.0619906233284066	0.0520909085140301	0.0578841716700783	0.0718080608345926	0.0758673168488641	0.0711335224827874	0.0792308976186838	0.0910031769196817	

