precision:	0.1	0.05	0.133333333333333	0.175	0.16	0.15	0.142857142857143	0.15	0.144444444444444	0.14	

MAP:	0.121206517683795

NDCG:	0.1	0.05	0.109953116642033	0.146373010727714	0.149639210900263	0.151839221169718	0.154261789804453	0.165468657613779	0.177147168975484	0.183312957247805	

