precision:	0.1	0.05	0.0666666666666667	0.125	0.14	0.133333333333333	0.114285714285714	0.1125	0.133333333333333	0.12	

MAP:	0.114169349136172

NDCG:	0.1	0.05	0.0619906233284066	0.103034991173807	0.11705827888285	0.118433720620829	0.113302408900917	0.117236297163761	0.14823554005428	0.1452316450146	

