precision:	0	0	0.0333333333333333	0.05	0.06	0.1	0.114285714285714	0.1125	0.1	0.11	

MAP:	0.0883490358828666

NDCG:	0	0	0.0239812466568131	0.0361212113520402	0.0438455622267711	0.0749131141909559	0.0873794844712558	0.0909587288733393	0.0875338618845245	0.101820113966045	

