precision:	0.1	0.05	0.0333333333333333	0.075	0.06	0.0666666666666667	0.0571428571428571	0.05	0.0666666666666667	0.07	

MAP:	0.0923373866630065

NDCG:	0.1	0.05	0.0380093766715934	0.0669137798217666	0.0611205166657184	0.0678559423974052	0.0647123458715249	0.0622079683165491	0.0785074690250285	0.0860224829408938	

