precision:	0	0.1	0.0666666666666667	0.075	0.12	0.116666666666667	0.128571428571429	0.1125	0.122222222222222	0.13	

MAP:	0.111089936312545

NDCG:	0	0.1	0.0760187533431869	0.0859184681575633	0.116401804972596	0.119703561655059	0.135758182653339	0.13129415211348	0.149764581980968	0.161651094228824	

