precision:	0.1	0.15	0.133333333333333	0.1	0.14	0.116666666666667	0.128571428571429	0.125	0.122222222222222	0.14	

MAP:	0.137795608516277

NDCG:	0.1	0.15	0.138009376671593	0.122039679509603	0.148155167209007	0.141299187445283	0.159212413379423	0.16436659936814	0.178010266637099	0.196126643735938	

