precision:	0.1	0.15	0.133333333333333	0.15	0.16	0.133333333333333	0.128571428571429	0.1125	0.111111111111111	0.12	

MAP:	0.120948016787269

NDCG:	0.1	0.15	0.138009376671593	0.153979073833583	0.164140186105261	0.152967180416706	0.157994359237437	0.152047954633074	0.16293065461102	0.174155143821012	

