precision:	0.1	0.15	0.1	0.075	0.08	0.0666666666666667	0.0714285714285714	0.0625	0.0555555555555556	0.05	

MAP:	0.0406790971126695

NDCG:	0.1	0.15	0.11402813001478	0.0958181829719397	0.0963238566502037	0.0868864651952393	0.0879715981681133	0.0816490737316232	0.076449194959773	0.0720694205065495	

