precision:	0.1	0.05	0.0333333333333333	0.025	0.04	0.0666666666666667	0.0714285714285714	0.075	0.0777777777777778	0.07	

MAP:	0.0382345221208753

NDCG:	0.1	0.05	0.0380093766715934	0.0319393943239799	0.0401694188769748	0.0558289222750798	0.0594840384279948	0.0623959232003661	0.0647907653185776	0.0618911778538125	

