precision:	0.3	0.15	0.133333333333333	0.1	0.1	0.0833333333333333	0.0714285714285714	0.0625	0.0555555555555556	0.05	

MAP:	0.0688547528990954

NDCG:	0.3	0.15	0.138009376671593	0.119799429628753	0.120305103307017	0.110867711852052	0.103677936579134	0.0979501303321864	0.0932393698737727	0.0904281362026453	

