precision:	0.1	0.1	0.133333333333333	0.1	0.1	0.1	0.0857142857142857	0.1	0.0888888888888889	0.09	

MAP:	0.0760524569100701

NDCG:	0.1	0.1	0.123981246656813	0.10418181702806	0.107953690878873	0.108778259410349	0.101131539840073	0.111585783771401	0.106117922589125	0.108418561897902	

