precision:	0	0	0	0	0.04	0.05	0.0428571428571429	0.0375	0.0444444444444444	0.05	

MAP:	0.0212020804262367

NDCG:	0	0	0	0	0.0241843999807207	0.0316124818771222	0.0289965780075724	0.0269125920752364	0.0315672151295864	0.0359858345621773	

