precision:	0	0	0	0	0	0	0	0	0	0.01	

MAP:	0.0148731993847112

NDCG:	0	0	0	0	0	0	0	0	0	0.00572900009676766	

