precision:	0.1	0.1	0.133333333333333	0.1	0.12	0.116666666666667	0.1	0.1	0.0888888888888889	0.08	

MAP:	0.130528491238272

NDCG:	0.1	0.1	0.123981246656813	0.116321781723287	0.137296007334155	0.142437601790462	0.138079762033535	0.15127471215338	0.148419443604395	0.146014496720703	

