precision:	0	0.05	0.133333333333333	0.1	0.12	0.15	0.128571428571429	0.1375	0.144444444444444	0.13	

MAP:	0.0970303637560486

NDCG:	0	0.05	0.109953116642033	0.0984639192417442	0.115338035031625	0.138218589123455	0.130825168663869	0.140362530226208	0.161318270436636	0.157196755445278	

