precision:	0.2	0.1	0.1	0.15	0.12	0.116666666666667	0.114285714285714	0.1	0.1	0.09	

MAP:	0.111613376495097

NDCG:	0.2	0.1	0.1	0.138009376671593	0.125917176681233	0.131035639851327	0.133796827008345	0.12880954786976	0.131076394828774	0.127256723552171	

