precision:	0	0.1	0.133333333333333	0.125	0.1	0.0833333333333333	0.0857142857142857	0.075	0.0777777777777778	0.07	

MAP:	0.0885327976753443

NDCG:	0	0.1	0.123981246656813	0.12015151419005	0.105622552802743	0.0970097298792546	0.103987356429771	0.0998133938381443	0.102749142513522	0.0994928764195382	

