precision:	0	0	0.0333333333333333	0.025	0.06	0.05	0.0428571428571429	0.05	0.0444444444444444	0.04	

MAP:	0.0309978912896467

NDCG:	0	0	0.0239812466568131	0.0201515141900502	0.0418991527738243	0.0377940564860595	0.0346666329894749	0.0393621462919938	0.036855340279828	0.0351294192245298	

