precision:	0.1	0.05	0.0666666666666667	0.05	0.08	0.0666666666666667	0.0571428571428571	0.0625	0.0555555555555556	0.06	

MAP:	0.0348473124180593

NDCG:	0.1	0.05	0.0619906233284066	0.0520909085140302	0.0699763716604387	0.0631203918967148	0.0578972373828767	0.0609231656487451	0.0570432309318846	0.0595042242733652	

