precision:	0.1	0.1	0.0666666666666667	0.075	0.06	0.05	0.0428571428571429	0.0375	0.0333333333333333	0.03	

MAP:	0.0334837090000594

NDCG:	0.1	0.1	0.0760187533431869	0.0798484858099498	0.0721241349352188	0.0666223679833006	0.0624309059487936	0.0590917358754925	0.0563454784661031	0.0540323499161198	

