precision:	0	0	0	0	0	0	0	0	0	0.01	

MAP:	0.0217832724479796

NDCG:	0	0	0	0	0	0	0	0	0	0.00572900009676766	

