precision:	0	0	0	0	0	0	0.0142857142857143	0.025	0.0222222222222222	0.02	

MAP:	0.0287005379601321

NDCG:	0	0	0	0	0	0	0.00827490824579292	0.0148671965085004	0.0139203686268323	0.0135083921197279	

