precision:	0	0.1	0.0666666666666667	0.075	0.08	0.0666666666666667	0.0571428571428571	0.0625	0.0666666666666667	0.06	

MAP:	0.0499054419441129

NDCG:	0	0.1	0.0760187533431869	0.0798484858099498	0.0822852472068965	0.0742232974899116	0.0680813877256195	0.070375380449248	0.0722620452120649	0.0696435722534361	

