precision:	0.3	0.2	0.2	0.15	0.12	0.1	0.0857142857142857	0.075	0.0777777777777778	0.07	

MAP:	0.0900358986013266

NDCG:	0.3	0.2	0.2	0.16806060567602	0.154037317966977	0.144049053305509	0.136439601199481	0.130377455213788	0.131760291781544	0.127196032737054	

