precision:	0.2	0.15	0.133333333333333	0.15	0.16	0.15	0.128571428571429	0.1375	0.122222222222222	0.12	

MAP:	0.0906027819479625

NDCG:	0.2	0.15	0.138009376671593	0.14790909148597	0.158070203757648	0.158068301397608	0.148653684849263	0.155527449494081	0.148443547799599	0.148205891166099	

