precision:	0.3	0.2	0.166666666666667	0.15	0.14	0.15	0.128571428571429	0.125	0.111111111111111	0.1	

MAP:	0.0702539215979822

NDCG:	0.3	0.2	0.176018753343187	0.16387878864796	0.160016613210594	0.167063293685211	0.155881914994931	0.154161164489479	0.146377384967	0.139821232372323	

