precision:	0.1	0.05	0.1	0.075	0.06	0.0833333333333333	0.0714285714285714	0.0625	0.0777777777777778	0.07	

MAP:	0.0395693148643669

NDCG:	0.1	0.05	0.0859718699852197	0.0722424227040804	0.0635067244728215	0.0768797404308321	0.070518012450577	0.0654498783457553	0.0740187976165295	0.0697782606294523	

