precision:	0.1	0.15	0.133333333333333	0.1	0.1	0.0833333333333333	0.1	0.0875	0.0888888888888889	0.08	

MAP:	0.0626007316194708

NDCG:	0.1	0.15	0.145574617693353	0.127364670650513	0.127870344328777	0.118432952873812	0.127792994092479	0.120875751466446	0.121555324818274	0.116398718451441	

