precision:	0	0.05	0.0666666666666667	0.075	0.12	0.116666666666667	0.114285714285714	0.1	0.1	0.09	

MAP:	0.0441014843506672

NDCG:	0	0.05	0.0619906233284066	0.0680606056760201	0.0961071810941063	0.0964885825158913	0.096779149090828	0.0898236254012372	0.0904717149855041	0.0857866954675812	

