precision:	0	0	0	0.05	0.04	0.0333333333333333	0.0428571428571429	0.05	0.0444444444444444	0.04	

MAP:	0.0359533279669314

NDCG:	0	0	0	0.0319393943239799	0.0280772188866144	0.0253263354106553	0.0315055126391947	0.0364282158652517	0.0341082592788889	0.0327324792092914	

