precision:	0	0	0	0	0.02	0.0166666666666667	0.0285714285714286	0.025	0.0222222222222222	0.02	

MAP:	0.0394286189301561

NDCG:	0	0	0	0	0.0137555484144005	0.0137555484144005	0.0493762671252028	0.0493762671252028	0.0493762671252028	0.0493762671252028	

