precision:	0	0	0.0333333333333333	0.075	0.06	0.05	0.0428571428571429	0.0375	0.0333333333333333	0.03	

MAP:	0.0317119894579021

NDCG:	0	0	0.0239812466568131	0.0520909085140301	0.045791971679718	0.0413054739701681	0.0378874838986468	0.0351645079862558	0.0329250315262862	0.0310387564382845	

