precision:	0	0.05	0.0333333333333333	0.025	0.04	0.0333333333333333	0.0285714285714286	0.0375	0.0333333333333333	0.03	

MAP:	0.0320441954453301

NDCG:	0	0.05	0.0380093766715934	0.0319393943239799	0.0401694188769748	0.0362337943739286	0.0332354811355168	0.0380338514141211	0.0356116387968652	0.0335714479757323	

