precision:	0.6	0.3	0.2	0.15	0.12	0.133333333333333	0.128571428571429	0.1125	0.111111111111111	0.1	

MAP:	0.155079282832831

NDCG:	0.6	0.3	0.240046883357967	0.209696971619899	0.194248269870438	0.207956424677806	0.207848408854585	0.20057535051844	0.20096228782334	0.196715763084755	

