precision:	0	0	0.0333333333333333	0.025	0.02	0.05	0.0428571428571429	0.05	0.0555555555555556	0.05	

MAP:	0.0260679906793616

NDCG:	0	0	0.0239812466568131	0.0201515141900502	0.0177147527931035	0.035574266460664	0.0326305285519302	0.0374723768117499	0.0451616791950577	0.0435990268205227	

