precision:	0	0	0	0	0.02	0.0166666666666667	0.0142857142857143	0.0125	0.0222222222222222	0.02	

MAP:	0.0338186042431676

NDCG:	0	0	0	0	0.0137555484144005	0.0137555484144005	0.0137555484144005	0.0137555484144005	0.0201241188515153	0.0197592634450103	

