precision:	0	0	0.0333333333333333	0.025	0.02	0.0333333333333333	0.0428571428571429	0.05	0.0444444444444444	0.05	

MAP:	0.0336992969268462

NDCG:	0	0	0.0239812466568131	0.0201515141900502	0.0177147527931035	0.0257767025100884	0.0319186122743805	0.0368116260030024	0.0344672516719539	0.0392994942387781	

