precision:	0.4	0.35	0.266666666666667	0.225	0.2	0.166666666666667	0.157142857142857	0.15	0.155555555555556	0.14	

MAP:	0.109912398040721

NDCG:	0.4	0.35	0.302037506686374	0.27775757729592	0.266171050983823	0.24812083660537	0.242644382980843	0.238281511529236	0.241061894546372	0.233102330629644	

