precision:	0.4	0.25	0.2	0.175	0.14	0.133333333333333	0.114285714285714	0.1125	0.111111111111111	0.12	

MAP:	0.111973910323047

NDCG:	0.4	0.25	0.21402813001478	0.19581818297194	0.179863807544214	0.178297665095342	0.168829608053454	0.168473792343342	0.168181156296413	0.173663673746438	

