precision:	0.1	0.15	0.133333333333333	0.1	0.08	0.0833333333333333	0.0714285714285714	0.0875	0.0777777777777778	0.07	

MAP:	0.0402069591777686

NDCG:	0.1	0.15	0.138009376671593	0.11596969716199	0.101946409452947	0.101755708742054	0.093335517208793	0.101001500469257	0.0945691487693292	0.0903078464198136	

