precision:	0.3	0.15	0.1	0.1	0.08	0.0833333333333333	0.0714285714285714	0.0625	0.0666666666666667	0.06	

MAP:	0.0656836986478674

NDCG:	0.3	0.15	0.11402813001478	0.11178788013393	0.102132441540516	0.105052796801194	0.099002729830827	0.0941828835808556	0.0965874335621283	0.0928837473316163	

