precision:	0	0	0.0333333333333333	0.05	0.08	0.0666666666666667	0.0714285714285714	0.0875	0.0888888888888889	0.09	

MAP:	0.0539669710166779

NDCG:	0	0	0.0239812466568131	0.0361212113520402	0.0576011106411716	0.0533053136425143	0.0583075151042543	0.0729390336105605	0.0762164897140552	0.0793625598255635	

