precision:	0.2	0.1	0.1	0.075	0.1	0.1	0.0857142857142857	0.075	0.0666666666666667	0.07	

MAP:	0.101713342389861

NDCG:	0.2	0.1	0.111990623328407	0.10209090851403	0.119976371660439	0.125476236252317	0.120253081738479	0.116092003552097	0.112669778403468	0.11990011392918	

