precision:	0.2	0.1	0.1	0.125	0.12	0.1	0.1	0.0875	0.0888888888888889	0.08	

MAP:	0.0624954854045212

NDCG:	0.2	0.1	0.1	0.11596969716199	0.114038609443307	0.102865603754752	0.102628477673358	0.0952525623611277	0.0955549062711174	0.0916019852798755	

