precision:	0.3	0.2	0.133333333333333	0.15	0.14	0.116666666666667	0.142857142857143	0.125	0.111111111111111	0.1	

MAP:	0.0714674490505552

NDCG:	0.3	0.2	0.152037506686374	0.1596969716199	0.156340469860798	0.144152194929874	0.159691413377081	0.150509867524854	0.142958623421436	0.136598331679012	

