precision:	0.2	0.1	0.0666666666666667	0.075	0.08	0.0833333333333333	0.0714285714285714	0.0625	0.0555555555555556	0.06	

MAP:	0.0549597179768374

NDCG:	0.2	0.1	0.0760187533431869	0.0798484858099498	0.086147422644262	0.0906339203538118	0.0857770021795401	0.0819076898292237	0.0787254237337466	0.081774052160355	

