precision:	0.3	0.35	0.3	0.3	0.26	0.233333333333333	0.214285714285714	0.2	0.2	0.18	

MAP:	0.126276978754385

NDCG:	0.3	0.35	0.326018753343187	0.32984848580995	0.311963022663541	0.299223874526114	0.289518691402832	0.281786960380489	0.281796668243551	0.271503409102293	

