precision:	0.4	0.2	0.133333333333333	0.125	0.12	0.133333333333333	0.157142857142857	0.1375	0.122222222222222	0.12	

MAP:	0.141762131223262

NDCG:	0.4	0.2	0.16402813001478	0.16178788013393	0.162025814517551	0.171992850252845	0.197396488684979	0.189071737360926	0.182225152879411	0.183343949001435	

