precision:	0.1	0.05	0.0666666666666667	0.075	0.08	0.0666666666666667	0.0571428571428571	0.05	0.0444444444444444	0.04	

MAP:	0.0402851356321581

NDCG:	0.1	0.05	0.0619906233284066	0.0680606056760201	0.0719227811133856	0.0648761006387691	0.0595076628374627	0.0552308432697508	0.0517134281131043	0.0487507657664626	

