precision:	0.1	0.05	0.0666666666666667	0.05	0.04	0.0666666666666667	0.0571428571428571	0.0625	0.0555555555555556	0.05	

MAP:	0.0347139551170424

NDCG:	0.1	0.05	0.0619906233284066	0.0520909085140301	0.045791971679718	0.0609006018713193	0.055861132945332	0.0590333961685012	0.0552738127520892	0.0521071759660348	

