precision:	0.3	0.15	0.133333333333333	0.1	0.08	0.0833333333333333	0.0857142857142857	0.075	0.0666666666666667	0.06	

MAP:	0.0446427825417244

NDCG:	0.3	0.15	0.138009376671593	0.11596969716199	0.101946409452947	0.101755708742054	0.101610425454586	0.0943076776210058	0.0883016267441049	0.0832428264624877	

