precision:	0	0	0	0.025	0.02	0.05	0.0714285714285714	0.0625	0.0666666666666667	0.06	

MAP:	0.0487207992147805

NDCG:	0	0	0	0.01596969716199	0.0140386094433072	0.0348165760115058	0.0768535980322412	0.074778203666028	0.0794398927432534	0.0782156406931162	

