precision:	0.6	0.3	0.233333333333333	0.2	0.2	0.183333333333333	0.157142857142857	0.1375	0.122222222222222	0.12	

MAP:	0.137675298185512

NDCG:	0.6	0.3	0.26402813001478	0.24581818297194	0.250186032087569	0.243499524108564	0.230130571607106	0.219480062134101	0.210720687824936	0.210228371767407	

