precision:	0.1	0.05	0.0666666666666667	0.05	0.08	0.0666666666666667	0.0714285714285714	0.075	0.0666666666666667	0.07	

MAP:	0.0488985765234617

NDCG:	0.1	0.05	0.0619906233284066	0.0520909085140301	0.0699763716604387	0.0631203918967148	0.0661721456286696	0.068603355704995	0.064234302674698	0.0662833195090742	

