precision:	0.7	0.4	0.266666666666667	0.25	0.22	0.2	0.171428571428571	0.1625	0.155555555555556	0.15	

MAP:	0.161621790554734

NDCG:	0.7	0.4	0.316065636701154	0.305515154591839	0.290572126520641	0.279928765112416	0.26354532634325	0.257680302743606	0.252856689641192	0.249950401998835	

