precision:	0.1	0.15	0.1	0.1	0.12	0.1	0.0857142857142857	0.075	0.0777777777777778	0.07	

MAP:	0.0602658609749269

NDCG:	0.1	0.15	0.11402813001478	0.11178788013393	0.126316841521237	0.117070150777165	0.110025658791714	0.104413593926097	0.106166593912816	0.101914117576543	

