precision:	0	0.05	0.0666666666666667	0.075	0.1	0.0833333333333333	0.0714285714285714	0.0625	0.0666666666666667	0.06	

MAP:	0.0393429066306673

NDCG:	0	0.05	0.0619906233284066	0.0680606056760201	0.0840149811037459	0.0757835596020424	0.0695125395795776	0.0645166688748703	0.0667764498110088	0.0629508269367181	

