precision:	0.2	0.1	0.1	0.1	0.1	0.0833333333333333	0.0714285714285714	0.0625	0.0666666666666667	0.09	

MAP:	0.0890147230911015

NDCG:	0.2	0.1	0.1	0.1	0.105525523861406	0.0996635844138762	0.0951977288337282	0.0916399604030118	0.0950824900278097	0.118762577372542	

