precision:	0.3	0.45	0.433333333333333	0.35	0.32	0.3	0.3	0.2875	0.277777777777778	0.25	

MAP:	0.176729286234042

NDCG:	0.3	0.45	0.445574617693353	0.395425276326533	0.381907662295754	0.372279570129897	0.376321553379588	0.370478005751311	0.36567205528488	0.353424733936529	

