precision:	0.1	0.05	0.0666666666666667	0.075	0.06	0.05	0.0571428571428571	0.0625	0.0555555555555556	0.05	

MAP:	0.0289956931373939

NDCG:	0.1	0.05	0.0619906233284066	0.0680606056760201	0.0598305811230252	0.0539686416754958	0.0577776943411407	0.0608122141731318	0.0569393454791468	0.0536772903215476	

