precision:	0.3	0.2	0.166666666666667	0.15	0.12	0.1	0.114285714285714	0.1	0.1	0.09	

MAP:	0.0612327120249958

NDCG:	0.3	0.2	0.176018753343187	0.16387878864796	0.144062237782869	0.129947647907462	0.138846549331425	0.129685307601214	0.132226519456402	0.125880292898825	

