precision:	0.1	0.15	0.133333333333333	0.1	0.08	0.0666666666666667	0.0571428571428571	0.05	0.0444444444444444	0.05	

MAP:	0.0524453223998489

NDCG:	0.1	0.15	0.138009376671593	0.11596969716199	0.101946409452947	0.0919581447914787	0.0843486926854505	0.0782865466997583	0.0733008128303994	0.0771435378391653	

