precision:	0.2	0.1	0.1	0.125	0.1	0.1	0.1	0.1	0.0888888888888889	0.08	

MAP:	0.0750058379461949

NDCG:	0.2	0.1	0.1	0.11596969716199	0.105808584890312	0.108368767655379	0.110319215385164	0.111873059040485	0.106782427300047	0.102494669868424	

