precision:	0.2	0.15	0.1	0.1	0.1	0.0833333333333333	0.0714285714285714	0.075	0.0666666666666667	0.07	

MAP:	0.0513960999036098

NDCG:	0.2	0.15	0.11402813001478	0.11178788013393	0.110362466093511	0.0995496329005669	0.0913119921190213	0.0919363998059993	0.0860813654270067	0.0872269245538481	

