precision:	0.1	0.15	0.1	0.075	0.08	0.0833333333333333	0.0714285714285714	0.0875	0.0777777777777778	0.08	

MAP:	0.0516545749941974

NDCG:	0.1	0.15	0.11402813001478	0.0958181829719397	0.0979872050742439	0.099532118596942	0.0924341861179486	0.101153560254153	0.0955875563095001	0.0969765611334565	

