precision:	0	0	0.0333333333333333	0.05	0.04	0.0333333333333333	0.0285714285714286	0.0375	0.0333333333333333	0.03	

MAP:	0.0347291508926654

NDCG:	0	0	0.0239812466568131	0.0361212113520402	0.0341901236333575	0.0328146818953779	0.0317668163867512	0.0381190303206763	0.0369747564000974	0.0363964742626016	

