precision:	0.1	0.05	0.0333333333333333	0.025	0.04	0.05	0.0571428571428571	0.05	0.0444444444444444	0.04	

MAP:	0.0302884775241292

NDCG:	0.1	0.05	0.0380093766715934	0.0319393943239799	0.0401694188769748	0.0460313583245042	0.0535993474689381	0.050564827636947	0.0480691258938172	0.0459670363611538	

