precision:	0.1	0.1	0.1	0.1	0.08	0.0666666666666667	0.0571428571428571	0.0625	0.0555555555555556	0.07	

MAP:	0.0584330959264288

NDCG:	0.1	0.1	0.1	0.1	0.0922756491252691	0.0867738821733508	0.0825824201388438	0.0864302565177932	0.0832262895401723	0.0923338002974129	

