precision:	0.3	0.2	0.2	0.15	0.12	0.116666666666667	0.114285714285714	0.1125	0.1	0.09	

MAP:	0.092066191646362

NDCG:	0.3	0.2	0.2	0.16806060567602	0.15160055657003	0.149674241625547	0.157742150393419	0.157167736325892	0.150326746438921	0.144564690426401	

