precision:	0	0	0	0	0.02	0.0166666666666667	0.0285714285714286	0.025	0.0222222222222222	0.02	

MAP:	0.0317349688959994

NDCG:	0	0	0	0	0.0120921999903604	0.0109074589632733	0.0182797849879079	0.0169660156613694	0.0158855230036032	0.0149754413753547	

