precision:	0.1	0.05	0.1	0.075	0.06	0.0666666666666667	0.0571428571428571	0.05	0.0555555555555556	0.05	

MAP:	0.0315286050240351

NDCG:	0.1	0.05	0.0859718699852197	0.0722424227040804	0.0635067244728215	0.0670821764802566	0.0615311879272344	0.0571089374807578	0.0598404850085227	0.0564122235644782	

