precision:	0.5	0.3	0.266666666666667	0.225	0.2	0.183333333333333	0.157142857142857	0.15	0.133333333333333	0.12	

MAP:	0.13496437589287

NDCG:	0.5	0.3	0.288009376671593	0.26596969716199	0.255808584890312	0.248571203704803	0.234782574370236	0.230984731610737	0.221492674322395	0.214654231051235	

