precision:	0.3	0.25	0.166666666666667	0.15	0.16	0.15	0.128571428571429	0.1125	0.111111111111111	0.1	

MAP:	0.112410447339676

NDCG:	0.3	0.25	0.202037506686374	0.19372727445791	0.204394060407851	0.202194050138396	0.192243087708459	0.184315554147846	0.184164226735764	0.179464330262964	

