precision:	0.3	0.15	0.233333333333333	0.175	0.14	0.133333333333333	0.114285714285714	0.1125	0.1	0.09	

MAP:	0.100659202004579

NDCG:	0.3	0.15	0.221943739970439	0.194484845408161	0.177013448945643	0.174366789009938	0.164075551331126	0.163063940548768	0.155863383855943	0.150955034767386	

