precision:	0	0	0	0.025	0.02	0.0166666666666667	0.0142857142857143	0.025	0.0222222222222222	0.02	

MAP:	0.0458993441515157

NDCG:	0	0	0	0.01596969716199	0.01596969716199	0.01596969716199	0.01596969716199	0.0231567036142404	0.0226989940460088	0.0223134726210116	

