precision:	0	0.15	0.1	0.075	0.06	0.05	0.0714285714285714	0.0625	0.0666666666666667	0.07	

MAP:	0.0319785292255063

NDCG:	0	0.15	0.11402813001478	0.0958181829719397	0.0842316566598433	0.0759790062319659	0.0862416296717913	0.0800434381827538	0.0813143858789114	0.0827330452686761	

