precision:	0.2	0.1	0.1	0.1	0.1	0.0833333333333333	0.0857142857142857	0.075	0.0666666666666667	0.06	

MAP:	0.0757034913472299

NDCG:	0.2	0.1	0.1	0.1	0.103862175437365	0.096815494962749	0.0997219654072355	0.0948504276499807	0.0908438941798976	0.0874692553261515	

