precision:	0.1	0.05	0.0666666666666667	0.05	0.06	0.05	0.0571428571428571	0.0625	0.0666666666666667	0.07	

MAP:	0.0440085081643861

NDCG:	0.1	0.05	0.0619906233284066	0.0520909085140302	0.0578841716700783	0.0522129329334415	0.0561672688865547	0.0593175300998756	0.061908421851023	0.0644388489387241	

