precision:	0.3	0.25	0.2	0.175	0.16	0.15	0.142857142857143	0.125	0.122222222222222	0.11	

MAP:	0.108535661687535

NDCG:	0.3	0.25	0.226018753343187	0.21387878864796	0.210016613210594	0.207265729734635	0.205169998717382	0.196313407228481	0.195397988092018	0.190501929556775	

