precision:	0.2	0.15	0.166666666666667	0.125	0.1	0.1	0.0857142857142857	0.075	0.0777777777777778	0.08	

MAP:	0.0789428333730556

NDCG:	0.2	0.15	0.161990623328407	0.13612121135204	0.123523337683416	0.124347906214892	0.116701186644616	0.110609351161489	0.111967769984559	0.113111944362291	

