precision:	0.2	0.25	0.2	0.15	0.12	0.116666666666667	0.1	0.1	0.0888888888888889	0.08	

MAP:	0.0434087017260621

NDCG:	0.2	0.25	0.21402813001478	0.17984848580995	0.158100847226176	0.152408379563365	0.139796725995597	0.136936532730509	0.128215633189424	0.12087015943993	

