precision:	0.1	0.15	0.1	0.075	0.06	0.05	0.0428571428571429	0.0375	0.0333333333333333	0.03	

MAP:	0.0538044549749483

NDCG:	0.1	0.15	0.11402813001478	0.0958181829719397	0.0842316566598433	0.0759790062319659	0.0696918131802055	0.0646830580702538	0.0605636719561698	0.0594071076811781	

