precision:	0.2	0.1	0.0666666666666667	0.05	0.04	0.0333333333333333	0.0285714285714286	0.0375	0.0333333333333333	0.03	

MAP:	0.0885797589898268

NDCG:	0.2	0.1	0.0880093766715934	0.0819393943239799	0.0780772188866145	0.0753263354106553	0.0732306043934018	0.0787480258090017	0.0769171875360755	0.0753751018360866	

