precision:	0.3	0.25	0.2	0.175	0.16	0.133333333333333	0.128571428571429	0.1125	0.1	0.1	

MAP:	0.100734123939351

NDCG:	0.3	0.25	0.21402813001478	0.19581818297194	0.190024919815892	0.176101030651377	0.17376817355273	0.164722673203849	0.157283317972029	0.156746268527571	

