precision:	0.1	0.05	0.0666666666666667	0.1	0.1	0.0833333333333333	0.114285714285714	0.1	0.111111111111111	0.1	

MAP:	0.0358721531189961

NDCG:	0.1	0.05	0.0619906233284066	0.0840303028380101	0.0859613905566928	0.0775392683440968	0.0959476897715424	0.0890519231168764	0.0961177295418024	0.0906111447233417	

