precision:	0	0.1	0.1	0.075	0.06	0.1	0.0857142857142857	0.075	0.0888888888888889	0.09	

MAP:	0.0642601928531188

NDCG:	0	0.1	0.1	0.0840303028380101	0.0738691905663324	0.0960245012325502	0.0880785618620764	0.0817483499379996	0.0892792895652486	0.0917836259711583	

