precision:	0.1	0.15	0.166666666666667	0.15	0.14	0.133333333333333	0.114285714285714	0.1	0.1	0.09	

MAP:	0.0795910906118489

NDCG:	0.1	0.15	0.161990623328407	0.15209090851403	0.145791971679718	0.141305473970168	0.129612575652854	0.120297311477755	0.119004662899454	0.113728872002829	

