precision:	0.1	0.15	0.133333333333333	0.125	0.12	0.116666666666667	0.1	0.1	0.0888888888888889	0.08	

MAP:	0.085662430679894

NDCG:	0.1	0.15	0.138009376671593	0.138009376671593	0.138009376671593	0.138009376671593	0.129734468425801	0.130329186615343	0.124449734491665	0.121831261533036	

