precision:	0.1	0.1	0.1	0.125	0.1	0.0833333333333333	0.0714285714285714	0.075	0.0666666666666667	0.07	

MAP:	0.071837872106912

NDCG:	0.1	0.1	0.1	0.11596969716199	0.101946409452947	0.0919581447914787	0.0843486926854505	0.0854735531520087	0.0800301097144183	0.0829090311606911	

