precision:	0	0.05	0.0666666666666667	0.075	0.06	0.0666666666666667	0.0571428571428571	0.05	0.0555555555555556	0.05	

MAP:	0.0446462723664167

NDCG:	0	0.05	0.0619906233284066	0.0680606056760201	0.0598305811230252	0.0637662056260714	0.0584896106186903	0.0542859585296289	0.0571972894603214	0.0550150229113061	

