precision:	0.3	0.25	0.2	0.175	0.16	0.133333333333333	0.114285714285714	0.1	0.0888888888888889	0.08	

MAP:	0.12709192910017

NDCG:	0.3	0.25	0.21402813001478	0.207958147667167	0.204095972229801	0.191547524803267	0.181987624967453	0.17437163532644	0.168107962760404	0.162832171863779	

