precision:	0	0.1	0.133333333333333	0.1	0.1	0.1	0.0857142857142857	0.075	0.0888888888888889	0.08	

MAP:	0.0626830979375407

NDCG:	0	0.1	0.123981246656813	0.10418181702806	0.103676143349796	0.103315970854185	0.0947666690627512	0.0879557824426285	0.0950913973584838	0.0911855974678413	

