precision:	0.2	0.2	0.133333333333333	0.125	0.14	0.116666666666667	0.114285714285714	0.1	0.122222222222222	0.11	

MAP:	0.105397088227116

NDCG:	0.2	0.2	0.152037506686374	0.146762265631716	0.155497963862975	0.142124947904965	0.145476072541551	0.137359630120958	0.155412130816156	0.151871186332019	

