precision:	0.2	0.15	0.166666666666667	0.125	0.1	0.1	0.1	0.0875	0.0888888888888889	0.09	

MAP:	0.0640689200486869

NDCG:	0.2	0.15	0.161990623328407	0.13612121135204	0.11966116224605	0.117734847301567	0.116267304959831	0.10791116625051	0.107407338055449	0.108936934514232	

