precision:	0.2	0.25	0.3	0.3	0.24	0.2	0.185714285714286	0.175	0.155555555555556	0.16	

MAP:	0.241885415109465

NDCG:	0.2	0.3	0.394639463035719	0.413644151371515	0.39332192682816	0.378847164457142	0.38135893542751	0.38749255100402	0.386168493680514	0.397775370279091	

