precision:	0.1	0.25	0.2	0.175	0.16	0.133333333333333	0.114285714285714	0.1	0.0888888888888889	0.08	

MAP:	0.208644837473795

NDCG:	0.1	0.3	0.288009376671593	0.294079359019207	0.297941534456572	0.290894853981956	0.28552641618065	0.284807365043654	0.284215990699324	0.28371788557818	

