precision:	0.1	0.05	0.0666666666666667	0.05	0.06	0.0666666666666667	0.0714285714285714	0.0625	0.0555555555555556	0.05	

MAP:	0.0744272334322966

NDCG:	0.1	0.05	0.101102352028739	0.0950323696811256	0.103262394234121	0.10912433368165	0.113590189261798	0.11234958741391	0.111329270406368	0.110469873762736	

