precision:	0.1	0.15	0.133333333333333	0.1	0.08	0.0833333333333333	0.0714285714285714	0.0625	0.0555555555555556	0.05	

MAP:	0.101673645477976

NDCG:	0.1	0.15	0.189111728700333	0.176971764005106	0.169247413130375	0.173543210129032	0.168541008667292	0.167895125008947	0.167363926314841	0.166916506178314	

