precision:	0.2	0.15	0.166666666666667	0.175	0.16	0.133333333333333	0.114285714285714	0.1	0.1	0.09	

MAP:	0.171006803560246

NDCG:	0.2	0.2	0.263092975357146	0.279062672519136	0.279062672519136	0.26926510856856	0.26180093975	0.26180093975	0.268169510187115	0.26780465478061	

