precision:	0.2	0.15	0.133333333333333	0.125	0.12	0.1	0.0857142857142857	0.0875	0.0777777777777778	0.07	

MAP:	0.170791452208491

NDCG:	0.2	0.2	0.211990623328407	0.21806060567602	0.221922781113386	0.214876100638769	0.209507662837463	0.216416405116938	0.215729840764591	0.215151558627095	

