precision:	0.3	0.15	0.1	0.075	0.06	0.05	0.0571428571428571	0.0625	0.0555555555555556	0.05	

MAP:	0.0608443840665766

NDCG:	0.3	0.15	0.11402813001478	0.0958181829719397	0.0842316566598433	0.0759790062319659	0.0779667214259984	0.109035751533138	0.107173504515007	0.105604963732911	

