precision:	0.2	0.15	0.133333333333333	0.1	0.12	0.133333333333333	0.114285714285714	0.1	0.1	0.09	

MAP:	0.202158452444867

NDCG:	0.2	0.2	0.2	0.190100285185624	0.212263295861109	0.22874546543065	0.223614153710737	0.222895102573742	0.253850215907985	0.253352110786841	

