precision:	0	0	0	0.025	0.04	0.05	0.0428571428571429	0.0375	0.0333333333333333	0.03	

MAP:	0.0209804564045923

NDCG:	0	0	0	0.01596969716199	0.0261308094336676	0.0333681906191766	0.0306070034621584	0.0291263272854881	0.0279085642390353	0.0268828619650118	

