precision:	0.3	0.25	0.166666666666667	0.125	0.1	0.0833333333333333	0.0714285714285714	0.0625	0.0555555555555556	0.05	

MAP:	0.0737336637251011

NDCG:	0.3	0.25	0.190046883357967	0.1596969716199	0.140386094433072	0.126631677053277	0.116153021967009	0.112813851893708	0.110067594484319	0.107754465934335	

