precision:	0.1	0.1	0.0666666666666667	0.05	0.06	0.05	0.0428571428571429	0.0375	0.0333333333333333	0.03	

MAP:	0.0848702184004756

NDCG:	0.1	0.15	0.138009376671593	0.13193939432398	0.140169418876975	0.136233794373929	0.133235481135517	0.133235481135517	0.133235481135517	0.133235481135517	

