precision:	0.2	0.25	0.2	0.2	0.16	0.15	0.128571428571429	0.1125	0.1	0.09	

MAP:	0.178928485641584

NDCG:	0.2	0.3	0.276018753343187	0.29798376216938	0.287822649897702	0.319270549435648	0.313756828346873	0.312087243310222	0.310714114605528	0.309557550330536	

