precision:	0.1	0.05	0.0333333333333333	0.05	0.04	0.0333333333333333	0.0285714285714286	0.025	0.0222222222222222	0.02	

MAP:	0.0354701903224654

NDCG:	0.1	0.05	0.0380093766715934	0.0479090914859699	0.0421158283299217	0.037989503115983	0.0348459065901027	0.0340111140717774	0.0333245497194301	0.0327462675819343	

