precision:	0.2	0.3	0.266666666666667	0.25	0.2	0.183333333333333	0.171428571428571	0.15	0.133333333333333	0.14	

MAP:	0.238319696919022

NDCG:	0.2	0.35	0.389111728700333	0.395976452340902	0.380022076913176	0.381014214869331	0.385896110402594	0.385896110402594	0.385896110402594	0.398618219239179	

