precision:	0.1	0.05	0.0666666666666667	0.1	0.08	0.0666666666666667	0.0571428571428571	0.0625	0.0555555555555556	0.06	

MAP:	0.0396066973880926

NDCG:	0.1	0.05	0.0619906233284066	0.0840303028380101	0.0738691905663324	0.0666318093808234	0.0611180882920487	0.0639125337952574	0.0598422190623617	0.0638777047836262	

