precision:	0	0	0	0.025	0.04	0.0666666666666667	0.0714285714285714	0.0625	0.0666666666666667	0.07	

MAP:	0.0257406374260875

NDCG:	0	0	0	0.01596969716199	0.0261308094336676	0.0431657545697521	0.0478687362312939	0.0444284070697401	0.0479675231085304	0.0517252956736027	

