precision:	0	0	0	0	0.02	0.05	0.0714285714285714	0.0625	0.0555555555555556	0.05	

MAP:	0.0233109084842288

NDCG:	0	0	0	0	0.0120921999903604	0.0305025868644245	0.0445283422803859	0.0413280874476144	0.0386960790882007	0.0373892623080409	

