precision:	0	0	0	0	0.02	0.0166666666666667	0.0142857142857143	0.025	0.0333333333333333	0.04	

MAP:	0.019451495392568

NDCG:	0	0	0	0	0.0120921999903604	0.0109074589632733	0.0100048767421149	0.0164728320573699	0.0217923185819234	0.0266209972647306	

