precision:	0	0.1	0.133333333333333	0.125	0.12	0.1	0.1	0.1	0.1	0.09	

MAP:	0.0441568022701133

NDCG:	0	0.1	0.123981246656813	0.12015151419005	0.119378101217144	0.109029664060064	0.109420726654188	0.109732270573788	0.109988495856948	0.105631874479834	

