precision:	0.3	0.2	0.166666666666667	0.15	0.14	0.116666666666667	0.1	0.0875	0.0777777777777778	0.07	

MAP:	0.0970880242748842

NDCG:	0.3	0.2	0.176018753343187	0.16387878864796	0.161679961634635	0.150316255235187	0.141658937620532	0.134761999116514	0.129089700894808	0.124312015119327	

