precision:	0	0	0.0333333333333333	0.05	0.06	0.0666666666666667	0.0571428571428571	0.05	0.0555555555555556	0.05	

MAP:	0.0309572571021686

NDCG:	0	0	0.0239812466568131	0.0361212113520402	0.0438455622267711	0.0493473291786894	0.0452638829674034	0.0420107647779971	0.0457038500690545	0.0430854764543718	

