precision:	0.2	0.1	0.0666666666666667	0.05	0.04	0.0333333333333333	0.0285714285714286	0.0375	0.0444444444444444	0.06	

MAP:	0.0414215782096189

NDCG:	0.2	0.1	0.0760187533431869	0.0638787886479598	0.0561544377732289	0.0506526708213106	0.0464612087868036	0.0503090451657529	0.0534736486252469	0.0622163039759825	

