precision:	0	0	0	0	0	0	0	0	0	0.01	

MAP:	0.020748396504668

NDCG:	0	0	0	0	0	0	0	0	0	0.00572900009676766	

