precision:	0.3	0.2	0.133333333333333	0.125	0.12	0.116666666666667	0.1	0.1	0.1	0.1	

MAP:	0.0751549618913027

NDCG:	0.3	0.2	0.152037506686374	0.14372727445791	0.142301860417491	0.141286591175122	0.132238210966344	0.132216734994977	0.135906259016904	0.136256237468532	

