precision:	0.4	0.2	0.166666666666667	0.125	0.1	0.0833333333333333	0.0857142857142857	0.0875	0.0888888888888889	0.08	

MAP:	0.173162964884447

NDCG:	0.4	0.25	0.238009376671593	0.21596969716199	0.205808584890312	0.198571203704803	0.204434524426107	0.216708630143732	0.219464595416183	0.216056900646685	

