precision:	0	0	0	0	0	0	0	0	0.0111111111111111	0.01	

MAP:	0.0208645547830188

NDCG:	0	0	0	0	0	0	0	0	0.0063685704371148	0.00600371503060978	

