precision:	0.3	0.15	0.1	0.075	0.06	0.0666666666666667	0.0714285714285714	0.0625	0.0666666666666667	0.07	

MAP:	0.0774226139467588

NDCG:	0.3	0.15	0.11402813001478	0.0958181829719397	0.0880938320972088	0.101934705507018	0.109120285282589	0.105781115209288	0.109403428237014	0.112454444377293	

