precision:	0	0	0.0333333333333333	0.05	0.04	0.0333333333333333	0.0428571428571429	0.0375	0.0444444444444444	0.04	

MAP:	0.0391312349002047

NDCG:	0	0	0.0239812466568131	0.0361212113520402	0.0336844499550935	0.0319488357215028	0.0389014849130279	0.0372533758477444	0.0422664802161478	0.0407599374895283	

