precision:	0.3	0.15	0.133333333333333	0.1	0.08	0.0666666666666667	0.0714285714285714	0.075	0.0777777777777778	0.07	

MAP:	0.0732664313842625

NDCG:	0.3	0.15	0.138009376671593	0.11596969716199	0.105808584890312	0.0985712037048034	0.104434524426107	0.116708630143732	0.119464595416183	0.116056900646685	

