precision:	0.2	0.1	0.1	0.1	0.08	0.0833333333333333	0.0714285714285714	0.075	0.0777777777777778	0.07	

MAP:	0.0778172486247769

NDCG:	0.2	0.1	0.1	0.1	0.0917699754470051	0.0957055999500513	0.0904290049426702	0.0934123593058592	0.0958659806683201	0.0922036264747926	

