precision:	0	0	0.0333333333333333	0.05	0.06	0.05	0.0428571428571429	0.0375	0.0444444444444444	0.04	

MAP:	0.054862301336563

NDCG:	0	0	0.0239812466568131	0.039156202525847	0.0488116411192606	0.0470760268856699	0.0457537678314021	0.0447003769556616	0.0558246525287933	0.0550949417157832	

