precision:	0	0.05	0.0333333333333333	0.025	0.02	0.0333333333333333	0.0714285714285714	0.075	0.0777777777777778	0.09	

MAP:	0.0932391763330722

NDCG:	0	0.05	0.0380093766715934	0.0380093766715934	0.0380093766715934	0.047806940622169	0.0770852308344394	0.0852548674175584	0.0906452012278	0.104800108638712	

