precision:	0.1	0.05	0.0666666666666667	0.075	0.06	0.0666666666666667	0.0571428571428571	0.05	0.0444444444444444	0.04	

MAP:	0.0679964276289238

NDCG:	0.1	0.05	0.0619906233284066	0.0741305880236336	0.0721995003049509	0.0855280926336123	0.0844802271249856	0.0836454346066603	0.0836454346066603	0.0836454346066603	

