precision:	0.1	0.1	0.1	0.125	0.1	0.116666666666667	0.1	0.1	0.1	0.1	

MAP:	0.0737019410559289

NDCG:	0.1	0.1	0.1	0.11596969716199	0.10387749717163	0.117610685625251	0.111523351190637	0.114506705553826	0.11903903532716	0.121856058061903	

