precision:	0	0	0	0	0.02	0.0166666666666667	0.0142857142857143	0.0125	0.0111111111111111	0.03	

MAP:	0.0710459703248816

NDCG:	0	0	0	0	0.016369747519437	0.016369747519437	0.016369747519437	0.016369747519437	0.016369747519437	0.033540710110845	

