precision:	0.1	0.1	0.1	0.075	0.08	0.0833333333333333	0.0857142857142857	0.075	0.0666666666666667	0.07	

MAP:	0.11899614805721

NDCG:	0.1	0.1	0.151102352028739	0.145032369681126	0.153262394234121	0.15912433368165	0.163590189261798	0.163590189261798	0.163590189261798	0.178641689044997	

