precision:	0	0.05	0.0333333333333333	0.075	0.1	0.116666666666667	0.114285714285714	0.1125	0.111111111111111	0.1	

MAP:	0.123034691716706

NDCG:	0	0.05	0.0380093766715934	0.0979090914859699	0.117963576734683	0.161135355167687	0.164553345239208	0.171577828900013	0.178314894308306	0.177816789187162	

