precision:	0.2	0.1	0.2	0.225	0.18	0.2	0.185714285714286	0.1625	0.155555555555556	0.14	

MAP:	0.215227709889209

NDCG:	0.2	0.1	0.218620709692532	0.284590406854522	0.270567119145479	0.304423092862954	0.304277809575486	0.303037207727598	0.309345330472678	0.308485933829046	

