precision:	0.2	0.2	0.133333333333333	0.1	0.1	0.0833333333333333	0.0714285714285714	0.0625	0.0555555555555556	0.06	

MAP:	0.144548954968548

NDCG:	0.2	0.25	0.21402813001478	0.19581818297194	0.196323856650204	0.186886465195239	0.17969668992232	0.178977638785325	0.178386264440995	0.184881268059669	

