precision:	0.2	0.3	0.3	0.25	0.26	0.233333333333333	0.2	0.1875	0.188888888888889	0.17	

MAP:	0.255688875785526

NDCG:	0.2	0.35	0.413092975357146	0.397123278195156	0.424865741346585	0.417628360161076	0.403839730826508	0.411471078442986	0.424731471431864	0.421241211932343	

