precision:	0.2	0.15	0.233333333333333	0.25	0.24	0.233333333333333	0.2	0.175	0.166666666666667	0.15	

MAP:	0.245095870380645

NDCG:	0.2	0.2	0.318620709692532	0.350560104016512	0.360453476993547	0.38195170399538	0.372391804159567	0.370837960504246	0.376888461560191	0.375812074301552	

