precision:	0.1	0.15	0.1	0.075	0.08	0.0666666666666667	0.0714285714285714	0.0625	0.0666666666666667	0.07	

MAP:	0.135299492760595

NDCG:	0.1	0.2	0.176018753343187	0.16387878864796	0.168246637763589	0.161560129784584	0.164740993774712	0.164021942637716	0.179203812132673	0.185698815751346	

