precision:	0.2	0.25	0.2	0.225	0.18	0.166666666666667	0.157142857142857	0.1375	0.144444444444444	0.13	

MAP:	0.272655770622386

NDCG:	0.2	0.35	0.35	0.394004688335797	0.388211425179748	0.393882663916385	0.398203236209065	0.396773725501197	0.412042370367553	0.410687256316448	

