precision:	0.2	0.2	0.233333333333333	0.25	0.24	0.216666666666667	0.185714285714286	0.1625	0.166666666666667	0.15	

MAP:	0.231822461488774

NDCG:	0.2	0.2	0.275083598685552	0.334983313499929	0.35072387824755	0.351504023149677	0.340896257805237	0.338507621631591	0.353947315430214	0.352292646034078	

