precision:	0.2	0.25	0.2	0.175	0.22	0.2	0.171428571428571	0.15	0.133333333333333	0.13	

MAP:	0.228773665154924

NDCG:	0.2	0.3	0.288009376671593	0.294079359019207	0.345323110765003	0.346889253213875	0.339807493764177	0.339088442627182	0.338497068282852	0.344992071901525	

