precision:	0.3	0.2	0.166666666666667	0.2	0.2	0.183333333333333	0.185714285714286	0.175	0.177777777777778	0.16	

MAP:	0.270109592045989

NDCG:	0.3	0.25	0.238009376671593	0.300944082659777	0.318615735126081	0.320771321766187	0.337296689531568	0.342219392757625	0.35730363301891	0.355349570811816	

