precision:	0.2	0.3	0.3	0.225	0.22	0.2	0.171428571428571	0.1625	0.144444444444444	0.15	

MAP:	0.268955899156477

NDCG:	0.2	0.35	0.420658216378905	0.398618536869302	0.415493958067003	0.415854130562614	0.407853615862462	0.413208514486617	0.411244011437592	0.423575559521092	

