precision:	0.1	0.1	0.1	0.1	0.08	0.0833333333333333	0.0714285714285714	0.075	0.0777777777777778	0.07	

MAP:	0.106955673929596

NDCG:	0.1	0.1	0.139111728700333	0.142941461167095	0.133286022573682	0.138764658239387	0.133525330696253	0.146195122920117	0.152563693357232	0.152198837950727	

