precision:	0	0.15	0.1	0.075	0.14	0.15	0.128571428571429	0.1375	0.133333333333333	0.13	

MAP:	0.18219845897902

NDCG:	0	0.2	0.176018753343187	0.16387878864796	0.217827041085345	0.260004779202155	0.254390562094193	0.278081712421665	0.284818777829958	0.295762635203454	

