precision:	0.3	0.2	0.233333333333333	0.175	0.14	0.116666666666667	0.1	0.1	0.1	0.09	

MAP:	0.215188325248122

NDCG:	0.3	0.2	0.282648839707312	0.270508875012085	0.262784524137354	0.257282757185436	0.253091295150929	0.258608716566529	0.263146448730717	0.261239507624223	

