precision:	0.2	0.1	0.233333333333333	0.2	0.16	0.183333333333333	0.185714285714286	0.175	0.166666666666667	0.15	

MAP:	0.279390921448632

NDCG:	0.2	0.15	0.304592579677751	0.306832829558602	0.29616604360866	0.332412728306484	0.342363690736421	0.351820719131995	0.358170922257745	0.357346969243536	

