precision:	0.2	0.15	0.1	0.1	0.1	0.133333333333333	0.142857142857143	0.125	0.122222222222222	0.12	

MAP:	0.170847420217628

NDCG:	0.2	0.15	0.11402813001478	0.11178788013393	0.14133792191049	0.192548518774265	0.210487988387839	0.210487988387839	0.216856558824954	0.231543203201648	

