precision:	0.4	0.25	0.233333333333333	0.3	0.28	0.25	0.214285714285714	0.1875	0.188888888888889	0.17	

MAP:	0.358280191514096

NDCG:	0.4	0.3	0.319555864350166	0.420499947009943	0.428729971562938	0.424794347059892	0.413521125575687	0.410486605743696	0.425395100848214	0.42329301131555	

