precision:	0	0.05	0.0666666666666667	0.05	0.12	0.133333333333333	0.128571428571429	0.125	0.111111111111111	0.1	

MAP:	0.13441088708978

NDCG:	0	0.05	0.101102352028739	0.0950323696811256	0.18161942635953	0.206824006168786	0.211289861748935	0.216644760373089	0.214680257324065	0.213025587927929	

