precision:	0.1	0.1	0.2	0.2	0.2	0.2	0.171428571428571	0.1625	0.155555555555556	0.14	

MAP:	0.209765743152276

NDCG:	0.1	0.1	0.223046091999179	0.271456609413266	0.296256637489485	0.306518597475925	0.297786744932775	0.308757262622554	0.314688155925796	0.313511024976259	

