precision:	0.4	0.25	0.333333333333333	0.325	0.3	0.266666666666667	0.228571428571429	0.2	0.188888888888889	0.17	

MAP:	0.259191062588582

NDCG:	0.4	0.25	0.395741815064458	0.411711512226448	0.415721320460882	0.416462873237652	0.402291834534222	0.397064481066855	0.400093751302466	0.396472629801977	

