precision:	0.3	0.2	0.2	0.2	0.2	0.183333333333333	0.171428571428571	0.175	0.166666666666667	0.15	

MAP:	0.303760024172987

NDCG:	0.3	0.25	0.313092975357146	0.329062672519136	0.34350133231989	0.34212589058191	0.34418015863757	0.371817342994015	0.377748236297257	0.37657110534772	

