precision:	0.2	0.2	0.266666666666667	0.275	0.24	0.216666666666667	0.214285714285714	0.1875	0.177777777777778	0.16	

MAP:	0.244855702821832

NDCG:	0.2	0.25	0.356630086364125	0.381704757047535	0.375138080918581	0.38000595890929	0.390792638125451	0.387474944023517	0.392074789002733	0.389776537407627	

