precision:	0.3	0.2	0.266666666666667	0.275	0.22	0.216666666666667	0.185714285714286	0.1625	0.166666666666667	0.16	

MAP:	0.26665723084874

NDCG:	0.3	0.25	0.356630086364125	0.382499498340492	0.366545122912766	0.389228090941686	0.380570773327031	0.379735980808706	0.392746426646096	0.401418004836953	

