precision:	0	0	0.0333333333333333	0.025	0.04	0.0333333333333333	0.0285714285714286	0.0375	0.0555555555555556	0.05	

MAP:	0.0230441479658786

NDCG:	0	0	0.0239812466568131	0.0201515141900502	0.0298069527834639	0.0268865975227861	0.02466175624736	0.0300763206868744	0.0418578992087755	0.0398797064431192	

