precision:	0.1	0.2	0.233333333333333	0.225	0.26	0.233333333333333	0.2	0.175	0.166666666666667	0.15	

MAP:	0.248191108475883

NDCG:	0.1	0.25	0.337074222013959	0.353043919175949	0.398494407765697	0.400840695116696	0.39142607856835	0.38987223491303	0.395922735968975	0.394846348710335	

