precision:	0.2	0.2	0.2	0.225	0.2	0.2	0.185714285714286	0.175	0.166666666666667	0.15	

MAP:	0.193932538743299

NDCG:	0.2	0.2	0.20756524102176	0.261394973488523	0.251739534895109	0.293092683339817	0.288664095223916	0.296565206666611	0.299971706344061	0.296668319149477	

