precision:	0.2	0.2	0.2	0.225	0.22	0.2	0.171428571428571	0.1625	0.155555555555556	0.14	

MAP:	0.237057995251527

NDCG:	0.2	0.25	0.301102352028739	0.342072049190729	0.358441796710166	0.358441796710166	0.350166888464373	0.36683355513104	0.373202125568155	0.37283727016165	

