precision:	0.1	0.25	0.233333333333333	0.225	0.28	0.233333333333333	0.2	0.175	0.166666666666667	0.15	

MAP:	0.255968886253661

NDCG:	0.1	0.3	0.351102352028739	0.367072049190729	0.428892285299914	0.416534538584272	0.407119922035927	0.405566078380606	0.411616579436551	0.410540192177911	

