precision:	0.2	0.3	0.266666666666667	0.2	0.16	0.15	0.171428571428571	0.15	0.133333333333333	0.13	

MAP:	0.241969159938147

NDCG:	0.2	0.35	0.389111728700333	0.367072049190729	0.356910936919052	0.359471119684118	0.377971383905489	0.375707080679296	0.373844833661164	0.379269401618886	

