precision:	0.1	0.05	0.0333333333333333	0.025	0.04	0.0333333333333333	0.0428571428571429	0.0375	0.0333333333333333	0.03	

MAP:	0.107596571512998

NDCG:	0.1	0.05	0.0380093766715934	0.0319393943239799	0.0711448746939538	0.0683939912179946	0.101918978911543	0.101918978911543	0.101918978911543	0.101918978911543	

