precision:	0.1	0.1	0.1	0.075	0.12	0.1	0.0857142857142857	0.1	0.1	0.09	

MAP:	0.15066760897808

NDCG:	0.1	0.1	0.139111728700333	0.126971764005106	0.188162817342475	0.18147630936347	0.176382265107804	0.199516887089726	0.205796242929787	0.204912616383646	

