precision:	0.2	0.25	0.3	0.275	0.22	0.183333333333333	0.171428571428571	0.15	0.144444444444444	0.14	

MAP:	0.228282932049182

NDCG:	0.2	0.3	0.387074222013959	0.386279480721003	0.365451582499383	0.350616647632754	0.352854025057481	0.351800634181741	0.357302856863581	0.363201399383883	

