precision:	0.2	0.15	0.133333333333333	0.125	0.18	0.166666666666667	0.157142857142857	0.15	0.133333333333333	0.14	

MAP:	0.170948727498488

NDCG:	0.2	0.15	0.15	0.15	0.186276599971081	0.188813588032972	0.187819163017889	0.187745995539238	0.181317249451899	0.196682919656987	

