precision:	0.3	0.15	0.2	0.225	0.2	0.216666666666667	0.185714285714286	0.1625	0.177777777777778	0.16	

MAP:	0.217939361170054

NDCG:	0.3	0.15	0.232648839707312	0.292548554521688	0.28675529136564	0.31667564058007	0.305257135808396	0.302222615976405	0.32912173440933	0.327019644876666	

