precision:	0.1	0.15	0.2	0.225	0.2	0.2	0.171428571428571	0.15	0.144444444444444	0.14	

MAP:	0.22851844923349

NDCG:	0.1	0.2	0.294639463035719	0.330408589826461	0.328983175786043	0.352217017021467	0.343979376239921	0.343144583721596	0.349786459121871	0.354937177081143	

