precision:	0.1	0.15	0.133333333333333	0.2	0.22	0.2	0.171428571428571	0.1625	0.155555555555556	0.14	

MAP:	0.210292598131504

NDCG:	0.1	0.15	0.189111728700333	0.277915846664882	0.312047548237176	0.316129449821766	0.308037092327688	0.314505047642943	0.320784403483005	0.319900776936863	

