precision:	0.1	0.05	0.0333333333333333	0.025	0.04	0.0333333333333333	0.0428571428571429	0.0375	0.0444444444444444	0.04	

MAP:	0.0883795734751259

NDCG:	0.1	0.05	0.05	0.05	0.0620921999903604	0.0609074589632733	0.0682797849879079	0.0675607338509124	0.0742977992592052	0.0737996941380611	

