precision:	0	0	0	0	0	0	0	0.0125	0.0111111111111111	0.02	

MAP:	0.0216467193677492

NDCG:	0	0	0	0	0	0	0	0.00774353479780061	0.00774353479780061	0.014736643537618	

