precision:	0	0.1	0.1	0.075	0.06	0.0833333333333333	0.1	0.1	0.0888888888888889	0.08	

MAP:	0.116505592529389

NDCG:	0	0.1	0.119555864350166	0.119555864350166	0.119555864350166	0.148696068662469	0.175696995752054	0.18279464689151	0.182263448197404	0.181816028060877	

