precision:	0	0	0	0	0	0.0166666666666667	0.0285714285714286	0.025	0.0333333333333333	0.03	

MAP:	0.0476707701898719

NDCG:	0	0	0	0	0	0.00979756395057558	0.0172617327691355	0.0166670145795926	0.0225464667032708	0.0217696347896613	

