precision:	0.1	0.1	0.133333333333333	0.125	0.1	0.0833333333333333	0.0714285714285714	0.0625	0.0555555555555556	0.05	

MAP:	0.0569253673640422

NDCG:	0.1	0.1	0.123981246656813	0.12015151419005	0.105622552802743	0.0952741156456639	0.0873902699939946	0.0821629165266277	0.0778637470096161	0.0742426255091269	

