precision:	0	0.05	0.0333333333333333	0.025	0.02	0.0166666666666667	0.0142857142857143	0.025	0.0222222222222222	0.03	

MAP:	0.0369107701701655

NDCG:	0	0.05	0.0380093766715934	0.0319393943239799	0.0280772188866144	0.0253263354106553	0.0232306043934018	0.0304176108456522	0.0299599012774207	0.0365674885922409	

