precision:	0.1	0.1	0.1	0.1	0.1	0.1	0.128571428571429	0.125	0.133333333333333	0.12	

MAP:	0.0972031068253209

NDCG:	0.1	0.1	0.1	0.1	0.1	0.101184741027087	0.128172590849439	0.128891641986435	0.136811456083387	0.131580561107764	

