precision:	0.2	0.1	0.0666666666666667	0.05	0.04	0.0333333333333333	0.0285714285714286	0.025	0.0333333333333333	0.03	

MAP:	0.105015686990789

NDCG:	0.2	0.1	0.0880093766715934	0.0880093766715934	0.0880093766715934	0.0880093766715934	0.0880093766715934	0.0880093766715934	0.10378262051088	0.10378262051088	

