precision:	0.4	0.25	0.2	0.15	0.12	0.1	0.0857142857142857	0.075	0.0666666666666667	0.06	

MAP:	0.148095020485063

NDCG:	0.4	0.25	0.226018753343187	0.203979073833583	0.18995578612454	0.179967521463072	0.172358069357044	0.167965508408002	0.164352903243338	0.161310063880345	

