precision:	0.3	0.15	0.133333333333333	0.15	0.14	0.133333333333333	0.114285714285714	0.1125	0.1	0.09	

MAP:	0.147008862550275

NDCG:	0.3	0.15	0.15	0.16596969716199	0.164038609443307	0.162663167705328	0.153340393950908	0.165803408528513	0.162346169022091	0.159434191660066	

