precision:	0	0	0.0666666666666667	0.075	0.06	0.05	0.0571428571428571	0.05	0.0444444444444444	0.04	

MAP:	0.0637212898345901

NDCG:	0	0	0.055527734335386	0.0707026902044198	0.0682659288074731	0.0665303145738824	0.100828774230417	0.0997753833546763	0.0989090355994014	0.0981793247863914	

