precision:	0.1	0.05	0.0666666666666667	0.05	0.04	0.0333333333333333	0.0285714285714286	0.025	0.0222222222222222	0.02	

MAP:	0.05595940363524

NDCG:	0.1	0.05	0.101102352028739	0.0950323696811256	0.0911701942437602	0.088419310767801	0.0863235797505476	0.0863235797505476	0.0863235797505476	0.0863235797505476	

