precision:	0	0.05	0.1	0.075	0.06	0.05	0.0571428571428571	0.0625	0.0555555555555556	0.05	

MAP:	0.0394018762962031

NDCG:	0	0.05	0.0859718699852197	0.0722424227040804	0.0635067244728215	0.057284612529681	0.0608192716496848	0.0674553686994985	0.065215892239529	0.0633296171515273	

