precision:	0.1	0.1	0.133333333333333	0.1	0.1	0.0833333333333333	0.0714285714285714	0.075	0.0666666666666667	0.08	

MAP:	0.100910472745674

NDCG:	0.1	0.15	0.18597186998522	0.17224242270408	0.185040552376491	0.178818440433351	0.174078191307562	0.17748883097168	0.173925297188204	0.191704289742162	

