precision:	0	0	0	0	0	0	0	0	0	0.01	

MAP:	0.0256310454971186

NDCG:	0	0	0	0	0	0	0	0	0	0.0150514997831991	

