precision:	0.1	0.05	0.0666666666666667	0.075	0.08	0.0833333333333333	0.0714285714285714	0.0625	0.0666666666666667	0.06	

MAP:	0.0996980296677628

NDCG:	0.1	0.05	0.0619906233284066	0.0680606056760201	0.102898236930364	0.106833861433411	0.10155726642603	0.0973536143369682	0.100264945267661	0.0969881124991304	

