precision:	0	0.05	0.0333333333333333	0.05	0.04	0.05	0.0428571428571429	0.0375	0.0444444444444444	0.04	

MAP:	0.10501412160416

NDCG:	0	0.1	0.1	0.125	0.125	0.144342640361727	0.144342640361727	0.144342640361727	0.15167108011435	0.15167108011435	

