precision:	0.2	0.1	0.0666666666666667	0.05	0.08	0.0666666666666667	0.0571428571428571	0.05	0.0555555555555556	0.05	

MAP:	0.0848464267095668

NDCG:	0.2	0.1	0.0760187533431869	0.0699487709955733	0.0997126234522379	0.0957769989491917	0.0927786857107798	0.0903900495371338	0.0947941169252242	0.0927745921225835	

