precision:	0	0	0	0	0	0	0	0	0	0.01	

MAP:	0.018535953833175

NDCG:	0	0	0	0	0	0	0	0	0	0.00572900009676766	

