precision:	0	0.05	0.1	0.075	0.06	0.05	0.0571428571428571	0.05	0.0555555555555556	0.06	

MAP:	0.0857508117712192

NDCG:	0	0.05	0.105527734335386	0.105527734335386	0.105527734335386	0.105527734335386	0.113802642581179	0.113207924391636	0.119087376515314	0.126762629681399	

