precision:	0.1	0.1	0.133333333333333	0.125	0.1	0.0833333333333333	0.0857142857142857	0.1	0.1	0.1	

MAP:	0.125692038136002

NDCG:	0.1	0.1	0.163092975357146	0.163092975357146	0.151000775366785	0.142387952443297	0.144101274091688	0.162727593743238	0.165299154410618	0.169744596564826	

