precision:	0.2	0.1	0.1	0.075	0.1	0.0833333333333333	0.0857142857142857	0.075	0.0666666666666667	0.06	

MAP:	0.0841551459449834

NDCG:	0.2	0.1	0.1	0.0901002851856236	0.107985748332032	0.101129768568308	0.113716973409871	0.111328337236225	0.109363834187201	0.107709164791065	

