precision:	0	0.05	0.0666666666666667	0.1	0.08	0.0833333333333333	0.0714285714285714	0.0625	0.0666666666666667	0.07	

MAP:	0.0667156620657478

NDCG:	0	0.05	0.0619906233284066	0.08403030283801	0.0738691905663324	0.0859744497425505	0.0804607286537757	0.0769029602230594	0.0828342958072942	0.0873628473216141	

