precision:	0.1	0.1	0.1	0.1	0.12	0.1	0.0857142857142857	0.075	0.0777777777777778	0.07	

MAP:	0.131869119647991

NDCG:	0.1	0.1	0.1	0.140100285185624	0.157985748332032	0.151129768568308	0.14590661405447	0.141745535868088	0.145651750472082	0.142769265141792	

