precision:	0	0	0	0	0	0	0.0142857142857143	0.0125	0.0111111111111111	0.01	

MAP:	0.0193254177872274

NDCG:	0	0	0	0	0	0	0.00827490824579292	0.00768019005624998	0.00719107174281342	0.006779095235709	

