precision:	0	0.05	0.0333333333333333	0.05	0.04	0.0666666666666667	0.0571428571428571	0.0625	0.0555555555555556	0.05	

MAP:	0.0743811881034636

NDCG:	0	0.05	0.0380093766715934	0.0479090914859699	0.0421158283299217	0.0864723477900127	0.0825180118368995	0.0882243421124796	0.0865488694977952	0.0851376457987744	

