precision:	0	0	0	0.025	0.02	0.0166666666666667	0.0142857142857143	0.0125	0.0111111111111111	0.01	

MAP:	0.0256224126547773

NDCG:	0	0	0	0.01596969716199	0.0140386094433072	0.0126631677053277	0.0116153021967009	0.0116153021967009	0.0116153021967009	0.0116153021967009	

