precision:	0.2	0.15	0.133333333333333	0.125	0.12	0.1	0.0857142857142857	0.0875	0.0888888888888889	0.09	

MAP:	0.162367243406739

NDCG:	0.2	0.15	0.15	0.156069982347614	0.159932157784979	0.152885477310363	0.147517039509056	0.150983754739145	0.163239583421785	0.167270029814961	

