precision:	0	0.05	0.0333333333333333	0.025	0.02	0.0166666666666667	0.0285714285714286	0.025	0.0333333333333333	0.03	

MAP:	0.0258482357517708

NDCG:	0	0.05	0.0380093766715934	0.0319393943239799	0.0280772188866144	0.0253263354106553	0.0315055126391947	0.0298359276025442	0.0348313693349643	0.0333099496534676	

