precision:	0	0	0.1	0.1	0.08	0.0666666666666667	0.0571428571428571	0.0625	0.0555555555555556	0.06	

MAP:	0.0991928269301902

NDCG:	0	0	0.118620709692532	0.130760674387759	0.126392825272129	0.123281769300559	0.120911644737665	0.12726385867159	0.126119584751011	0.133607866268212	

