precision:	0.1	0.2	0.133333333333333	0.1	0.08	0.0666666666666667	0.0571428571428571	0.05	0.0444444444444444	0.04	

MAP:	0.0523514831646573

NDCG:	0.1	0.2	0.152037506686374	0.133827559643533	0.122241033331437	0.116739266379519	0.112547804345012	0.10920863427171	0.106462376862321	0.104149248312338	

