precision:	0.1	0.15	0.1	0.075	0.06	0.05	0.0428571428571429	0.0375	0.0333333333333333	0.03	

MAP:	0.0388170250846889

NDCG:	0.1	0.15	0.11402813001478	0.0958181829719397	0.0842316566598433	0.0759790062319659	0.0696918131802055	0.0663526431069043	0.063606385697515	0.0612932571475317	

