precision:	0.1	0.05	0.0666666666666667	0.125	0.14	0.116666666666667	0.1	0.0875	0.0888888888888889	0.08	

MAP:	0.167579391372079

NDCG:	0.1	0.1	0.123981246656813	0.171095596849827	0.198422687909545	0.194126890910887	0.190854184126834	0.188246949595773	0.192471233580936	0.190300280102781	

