precision:	0.2	0.1	0.1	0.075	0.06	0.05	0.0571428571428571	0.05	0.0444444444444444	0.04	

MAP:	0.111628836547833

NDCG:	0.2	0.1	0.111990623328407	0.108160890861644	0.105724129464697	0.103988515231106	0.12047661553224	0.119423224656499	0.118556876901224	0.117827166088214	

