precision:	0.1	0.05	0.0333333333333333	0.025	0.04	0.0666666666666667	0.0571428571428571	0.05	0.0555555555555556	0.05	

MAP:	0.0698637876798958

NDCG:	0.1	0.05	0.0380093766715934	0.0319393943239799	0.0496110467902841	0.0664552912154761	0.0627380813437566	0.060422612648761	0.0648868556870757	0.0629180158690513	

