precision:	0.1	0.05	0.0666666666666667	0.075	0.06	0.05	0.0571428571428571	0.05	0.0444444444444444	0.04	

MAP:	0.0942788285175949

NDCG:	0.1	0.05	0.0619906233284066	0.0741305880236336	0.0697627389080042	0.0666516829364339	0.0725564666193323	0.0709083575540488	0.0695528914853374	0.0684112041652229	

