precision:	0.2	0.1	0.1	0.1	0.08	0.0666666666666667	0.0571428571428571	0.0625	0.0555555555555556	0.05	

MAP:	0.104697472296588

NDCG:	0.2	0.1	0.10756524102176	0.151495258674146	0.147633083236781	0.144882199760822	0.142786468743568	0.148303890159168	0.146473051886242	0.144930966186253	

