precision:	0.2	0.1	0.1	0.075	0.06	0.05	0.0571428571428571	0.0625	0.0555555555555556	0.05	

MAP:	0.121307320192698

NDCG:	0.2	0.1	0.111990623328407	0.108160890861644	0.105724129464697	0.103988515231106	0.12047661553224	0.136089891323166	0.135223543567891	0.134493832754881	

