precision:	0.2	0.15	0.1	0.075	0.08	0.0666666666666667	0.0571428571428571	0.05	0.0444444444444444	0.04	

MAP:	0.193686432062732

NDCG:	0.2	0.2	0.188009376671593	0.188009376671593	0.200101576661954	0.200101576661954	0.200101576661954	0.200101576661954	0.200101576661954	0.200101576661954	

