precision:	0	0.1	0.0666666666666667	0.05	0.06	0.05	0.0428571428571429	0.0375	0.0444444444444444	0.04	

MAP:	0.0756276875330887

NDCG:	0	0.1	0.0760187533431869	0.0638787886479598	0.0682466377635893	0.0615601297845839	0.0564660855289186	0.0540774493552725	0.0594413860588707	0.057786716662735	

