precision:	0	0	0	0	0.02	0.0166666666666667	0.0142857142857143	0.0125	0.0222222222222222	0.03	

MAP:	0.0362248939211664

NDCG:	0	0	0	0	0.0120921999903604	0.0109074589632733	0.0100048767421149	0.0100048767421149	0.0173333164947375	0.0243264252345549	

