precision:	0	0	0.0333333333333333	0.05	0.04	0.0333333333333333	0.0285714285714286	0.025	0.0222222222222222	0.02	

MAP:	0.0180705652233249

NDCG:	0	0	0.0239812466568131	0.0361212113520402	0.0317533622364107	0.0286423062648405	0.0262721817019459	0.0243839983078801	0.0228310862002579	0.021523093249752	

