precision:	0.2	0.1	0.0666666666666667	0.05	0.04	0.05	0.0428571428571429	0.0375	0.0333333333333333	0.04	

MAP:	0.125701805969772

NDCG:	0.2	0.1	0.0880093766715934	0.0880093766715934	0.0880093766715934	0.097806940622169	0.096996201194936	0.096996201194936	0.096996201194936	0.103989309934753	

