precision:	0.2	0.15	0.2	0.15	0.14	0.133333333333333	0.142857142857143	0.125	0.111111111111111	0.1	

MAP:	0.169522479387962

NDCG:	0.2	0.2	0.247962493313626	0.230403313565724	0.240764681841188	0.252149596026184	0.262636904337713	0.258265819360038	0.254670876831357	0.251642914423241	

