precision:	0	0	0	0	0	0	0.0285714285714286	0.025	0.0222222222222222	0.02	

MAP:	0.0352479442036834

NDCG:	0	0	0	0	0	0	0.026085267601194	0.0254905494116511	0.0250014310982145	0.0245894545911101	

