precision:	0	0.05	0.0666666666666667	0.1	0.1	0.0833333333333333	0.0857142857142857	0.075	0.0666666666666667	0.08	

MAP:	0.0636387104173366

NDCG:	0	0.05	0.0619906233284066	0.08403030283801	0.0954030184700021	0.0881656372844931	0.0926532233571355	0.0890954549264191	0.0861694141141022	0.0964269657251897	

