precision:	0.1	0.1	0.1	0.075	0.08	0.0666666666666667	0.0571428571428571	0.05	0.0555555555555556	0.05	

MAP:	0.06973238735615

NDCG:	0.1	0.1	0.10756524102176	0.101495258674146	0.109725283227141	0.105789658724095	0.102791345485683	0.101121760449033	0.10860600814089	0.107449443865898	

