precision:	0.1	0.1	0.0666666666666667	0.075	0.06	0.05	0.0571428571428571	0.05	0.0444444444444444	0.04	

MAP:	0.0780591551381483

NDCG:	0.1	0.1	0.0880093766715934	0.103979073833583	0.102047986114901	0.100672544376921	0.109625986029711	0.108791193511386	0.108104629159039	0.107526347021543	

