precision:	0.2	0.15	0.1	0.075	0.08	0.0666666666666667	0.0571428571428571	0.05	0.0444444444444444	0.05	

MAP:	0.0950429576602757

NDCG:	0.2	0.15	0.126018753343187	0.119948770995573	0.137620423461878	0.134869539985918	0.132773808968665	0.131104223932014	0.12973109522732	0.134303531049096	

