precision:	0	0.1	0.1	0.075	0.08	0.0666666666666667	0.0714285714285714	0.075	0.0777777777777778	0.07	

MAP:	0.0904802550840029

NDCG:	0	0.1	0.1	0.0840303028380101	0.0859613905566928	0.0775392683440968	0.0793978732799565	0.090952927860586	0.0940773881042146	0.0905364436200772	

