precision:	0.1	0.05	0.0666666666666667	0.1	0.12	0.1	0.0857142857142857	0.075	0.0666666666666667	0.06	

MAP:	0.156853132166998

NDCG:	0.1	0.1	0.123981246656813	0.155125899687837	0.184384078466237	0.18008828146758	0.176815574683527	0.174208340152466	0.172064053700514	0.170257955628864	

