precision:	0.1	0.05	0.0666666666666667	0.05	0.06	0.05	0.0428571428571429	0.05	0.0555555555555556	0.05	

MAP:	0.0600285386255608

NDCG:	0.1	0.05	0.0619906233284066	0.0520909085140302	0.0888596274870573	0.0843731297775074	0.0809551397059861	0.0959522213360023	0.100947663068422	0.0994262433869257	

