precision:	0	0	0	0	0	0	0	0	0	0.01	

MAP:	0.025540897596689

NDCG:	0	0	0	0	0	0	0	0	0	0.0150514997831991	

