precision:	0	0.1	0.1	0.075	0.06	0.1	0.114285714285714	0.1	0.0888888888888889	0.09	

MAP:	0.11640259171881

NDCG:	0	0.1	0.119555864350166	0.119555864350166	0.119555864350166	0.158493632613045	0.184683820275397	0.183392052958707	0.182329655570496	0.188427924037258	

