precision:	0.1	0.05	0.0666666666666667	0.05	0.04	0.05	0.0428571428571429	0.0375	0.0333333333333333	0.03	

MAP:	0.0759033590542697

NDCG:	0.1	0.05	0.0739812466568131	0.0701515141900503	0.0677147527931035	0.0757767025100884	0.0736437040285876	0.0729978203702425	0.0724666216761371	0.0720192015396094	

