precision:	0	0.05	0.0333333333333333	0.025	0.02	0.0166666666666667	0.0142857142857143	0.0125	0.0111111111111111	0.01	

MAP:	0.0153861312972791

NDCG:	0	0.05	0.0380093766715934	0.0319393943239799	0.0280772188866144	0.0280772188866144	0.0280772188866144	0.0280772188866144	0.0280772188866144	0.0280772188866144	

