precision:	0.2	0.1	0.0666666666666667	0.05	0.06	0.0666666666666667	0.0571428571428571	0.0625	0.0555555555555556	0.05	

MAP:	0.0661505954971365

NDCG:	0.2	0.1	0.0760187533431869	0.0699487709955733	0.0781787955485683	0.0840407349960976	0.0802316823304528	0.0863056320916028	0.0849325033869081	0.0837759391119165	

