precision:	0.3	0.25	0.233333333333333	0.175	0.14	0.116666666666667	0.1	0.0875	0.0888888888888889	0.08	

MAP:	0.15914725596178

NDCG:	0.3	0.25	0.25	0.224130588023634	0.207670538917644	0.195946660022585	0.187014948862289	0.182622387913247	0.19478302658787	0.191740187224876	

