precision:	0.2	0.1	0.0666666666666667	0.05	0.06	0.0833333333333333	0.0857142857142857	0.075	0.0666666666666667	0.06	

MAP:	0.0956353826371792

NDCG:	0.2	0.1	0.0760187533431869	0.0699487709955733	0.0876204234618775	0.10446466788707	0.109022366261143	0.106112179376604	0.103718733664368	0.101702772745744	

