precision:	0.2	0.15	0.2	0.15	0.14	0.116666666666667	0.128571428571429	0.1125	0.1	0.09	

MAP:	0.162375154537902

NDCG:	0.2	0.2	0.247962493313626	0.230403313565724	0.240764681841188	0.232806955664457	0.243294263975986	0.238923178998311	0.23532823646963	0.232300274061514	

