precision:	0.1	0.1	0.0666666666666667	0.05	0.04	0.0333333333333333	0.0428571428571429	0.05	0.0555555555555556	0.05	

MAP:	0.0995681119001803

NDCG:	0.1	0.1	0.0880093766715934	0.0819393943239799	0.0780772188866145	0.0753263354106553	0.0815055126391947	0.0870229340547946	0.0925205355344909	0.090978449834502	

