precision:	0.2	0.1	0.133333333333333	0.1	0.08	0.0666666666666667	0.0571428571428571	0.05	0.0444444444444444	0.05	

MAP:	0.13703295078576

NDCG:	0.2	0.1	0.13597186998522	0.128312405051694	0.1234388822578	0.119967653790619	0.117323135682083	0.116269744806343	0.115403397051068	0.121666794977875	

