precision:	0.1	0.05	0.0666666666666667	0.1	0.1	0.1	0.114285714285714	0.1	0.1	0.09	

MAP:	0.0823743330491189

NDCG:	0.1	0.05	0.0619906233284066	0.0930606056760201	0.0969227811133856	0.10458013470541	0.117487912311314	0.113211092743602	0.117022117339578	0.114059454992936	

