precision:	0	0	0	0	0.04	0.05	0.0571428571428571	0.05	0.0444444444444444	0.04	

MAP:	0.0240125367182762

NDCG:	0	0	0	0	0.0241843999807207	0.0365189519931877	0.0429886957966638	0.0409558753331299	0.0398753826753636	0.0389653010471152	

