precision:	0.1	0.05	0.0333333333333333	0.05	0.04	0.0333333333333333	0.0285714285714286	0.0625	0.0666666666666667	0.06	

MAP:	0.0432216628264216

NDCG:	0.1	0.05	0.0380093766715934	0.0479090914859699	0.0421158283299217	0.0393649448539625	0.037269213836709	0.0688123748811804	0.073350107045369	0.0714431659388751	

