precision:	0.1	0.1	0.1	0.075	0.06	0.05	0.0428571428571429	0.05	0.0555555555555556	0.05	

MAP:	0.12441109702734

NDCG:	0.1	0.1	0.1	0.0961702675332371	0.0937335061362904	0.0919978919026997	0.0906756328484319	0.0968092484249418	0.104800277066219	0.104070566253209	

