precision:	0.2	0.1	0.133333333333333	0.1	0.1	0.0833333333333333	0.0857142857142857	0.0875	0.0777777777777778	0.07	

MAP:	0.120119085232537

NDCG:	0.2	0.1	0.123981246656813	0.108011549494823	0.109942637213506	0.104271398476869	0.108225734429982	0.119123084641111	0.117665362541506	0.116437546607352	

