precision:	0.1	0.05	0.0666666666666667	0.075	0.08	0.0833333333333333	0.1	0.0875	0.0888888888888889	0.09	

MAP:	0.0969493540325576

NDCG:	0.1	0.05	0.0619906233284066	0.0680606056760201	0.0719227811133856	0.0795801347054101	0.0918093789043163	0.0871779154758438	0.0897373984817863	0.0918932099486943	

