precision:	0.2	0.15	0.133333333333333	0.125	0.1	0.116666666666667	0.114285714285714	0.1	0.1	0.09	

MAP:	0.121229914329221

NDCG:	0.2	0.15	0.138009376671593	0.138009376671593	0.125917176681233	0.144364232179988	0.14607755382838	0.14025548217147	0.143456763620778	0.139423665613184	

