precision:	0.1	0.05	0.0333333333333333	0.05	0.06	0.0666666666666667	0.0571428571428571	0.0625	0.0555555555555556	0.05	

MAP:	0.0918281645272767

NDCG:	0.1	0.05	0.05	0.0690046883357967	0.0810968883261571	0.0897097112496456	0.0879963896012542	0.0938184612581641	0.0928295529958271	0.0919966114343021	

