precision:	0	0	0.0333333333333333	0.025	0.04	0.05	0.0428571428571429	0.0375	0.0333333333333333	0.03	

MAP:	0.0313766687452408

NDCG:	0	0	0.0239812466568131	0.0201515141900502	0.0298069527834639	0.0384197757069524	0.036706454058561	0.0353415192632205	0.0342189462247853	0.0332734209671136	

