precision:	0.2	0.15	0.1	0.075	0.06	0.0833333333333333	0.0714285714285714	0.0625	0.0666666666666667	0.06	

MAP:	0.108671727310939

NDCG:	0.2	0.15	0.11402813001478	0.101888165319553	0.0941638144448223	0.110815455799082	0.105813254337342	0.101828200605696	0.106540313781958	0.103779765095447	

