precision:	0	0	0	0.025	0.04	0.05	0.0571428571428571	0.0625	0.0777777777777778	0.08	

MAP:	0.0784171314977183

NDCG:	0	0	0	0.01596969716199	0.0261308094336676	0.038274660735242	0.0445991212512498	0.0496375658586365	0.0608365045068683	0.0645401907373802	

