precision:	0.1	0.1	0.1	0.075	0.06	0.0833333333333333	0.0714285714285714	0.075	0.0777777777777778	0.07	

MAP:	0.135993381610655

NDCG:	0.1	0.1	0.1	0.0961702675332371	0.0937335061362904	0.111593019803851	0.10946002132235	0.116001144116255	0.121380806291033	0.120183009323003	

