precision:	0	0	0	0	0	0.0166666666666667	0.0142857142857143	0.025	0.0333333333333333	0.05	

MAP:	0.0667994286953061

NDCG:	0	0	0	0	0	0.00979756395057558	0.00898682452334257	0.0155279473172479	0.0209076094920257	0.0377766133385478	

