precision:	0.2	0.15	0.133333333333333	0.15	0.16	0.15	0.128571428571429	0.125	0.122222222222222	0.12	

MAP:	0.0876675413971944

NDCG:	0.2	0.15	0.138009376671593	0.14790909148597	0.154208028320282	0.158099229193979	0.149861588412433	0.150485996099411	0.150999532157534	0.151432075339184	

