precision:	0.2	0.15	0.1	0.075	0.06	0.05	0.0571428571428571	0.05	0.0444444444444444	0.04	

MAP:	0.0826461204885394

NDCG:	0.2	0.15	0.11402813001478	0.101888165319553	0.0941638144448223	0.088662047492904	0.09274549370419	0.0888116054413459	0.0855762297185201	0.0828511246614323	

