precision:	0	0	0.0333333333333333	0.025	0.04	0.0333333333333333	0.0285714285714286	0.025	0.0333333333333333	0.03	

MAP:	0.0364541905926958

NDCG:	0	0	0.0239812466568131	0.0201515141900502	0.0298069527834639	0.0286222117563768	0.0286222117563768	0.0286222117563768	0.0349907821934916	0.0346259267869866	

