precision:	0.5	0.3	0.266666666666667	0.2	0.16	0.166666666666667	0.142857142857143	0.125	0.111111111111111	0.11	

MAP:	0.119872084398588

NDCG:	0.5	0.3	0.276018753343187	0.23193939432398	0.203892818905894	0.210153501833765	0.197541848265997	0.189810117243654	0.1834512546696	0.189537249251264	

