precision:	0.1	0.05	0.0333333333333333	0.075	0.1	0.0833333333333333	0.0714285714285714	0.0625	0.0666666666666667	0.06	

MAP:	0.0840806411081486

NDCG:	0.1	0.05	0.0380093766715934	0.0699487709955733	0.0902709955389286	0.0863353710358824	0.0833370577974706	0.0817832141421498	0.0893626518420245	0.0882862645833846	

