precision:	0.1	0.05	0.0666666666666667	0.05	0.04	0.05	0.0428571428571429	0.0375	0.0333333333333333	0.03	

MAP:	0.0387271852968767

NDCG:	0.1	0.05	0.0619906233284066	0.0520909085140302	0.045791971679718	0.0539028391493843	0.0518071081321308	0.0501375230954803	0.0487643943907856	0.0476078301157939	

