precision:	0.1	0.1	0.1	0.075	0.08	0.0833333333333333	0.114285714285714	0.125	0.133333333333333	0.14	

MAP:	0.115363464605589

NDCG:	0.1	0.1	0.1	0.0901002851856236	0.0958935483416718	0.10001987355561	0.124977591475201	0.134630785638435	0.155836538885458	0.168295544207196	

