precision:	0.1	0.1	0.1	0.075	0.06	0.05	0.0571428571428571	0.0625	0.0666666666666667	0.06	

MAP:	0.0983470598634868

NDCG:	0.1	0.1	0.1	0.087860035304773	0.080135684430042	0.0773848009540829	0.0835639781826223	0.0939694671802933	0.0984757905992769	0.0965423944106758	

