precision:	0	0.1	0.0666666666666667	0.075	0.08	0.0666666666666667	0.0714285714285714	0.0875	0.0888888888888889	0.09	

MAP:	0.0823882561923123

NDCG:	0	0.1	0.0760187533431869	0.0859184681575633	0.0922174049918755	0.0880910797779368	0.0932223914978494	0.113976968872248	0.117339018370652	0.120170818716326	

