precision:	0.1	0.1	0.0666666666666667	0.05	0.04	0.05	0.0428571428571429	0.0375	0.0444444444444444	0.04	

MAP:	0.0680018237224488

NDCG:	0.1	0.1	0.0760187533431869	0.0638787886479598	0.0561544377732289	0.0632011182478453	0.0602946478033588	0.0579791791083632	0.0624434221466779	0.0604745823286535	

