precision:	0.1	0.15	0.133333333333333	0.1	0.08	0.0666666666666667	0.0571428571428571	0.0625	0.0555555555555556	0.05	

MAP:	0.101784423685743

NDCG:	0.1	0.15	0.138009376671593	0.119799429628753	0.108212903316656	0.102711136364738	0.0985196743302312	0.107850296480795	0.105104039071405	0.102790910521422	

