precision:	0	0	0	0	0.02	0.0166666666666667	0.0142857142857143	0.025	0.0222222222222222	0.02	

MAP:	0.0452106215792161

NDCG:	0	0	0	0	0.0120921999903604	0.0120921999903604	0.0120921999903604	0.019835734788161	0.019835734788161	0.019835734788161	

