precision:	0.1	0.05	0.0333333333333333	0.05	0.06	0.0666666666666667	0.0714285714285714	0.0625	0.0555555555555556	0.06	

MAP:	0.0783586374036719

NDCG:	0.1	0.05	0.0380093766715934	0.0479090914859699	0.054208028320282	0.0586945260298319	0.0631603816099799	0.0595311435884459	0.0565463235318795	0.0597612575888793	

