precision:	0.2	0.2	0.133333333333333	0.125	0.14	0.166666666666667	0.142857142857143	0.15	0.144444444444444	0.13	

MAP:	0.106427411255779

NDCG:	0.2	0.2	0.152037506686374	0.14372727445791	0.150531884970486	0.171267330269375	0.15931247961611	0.165364953405893	0.163974162065215	0.157073720738578	

