precision:	0.1	0.05	0.0333333333333333	0.025	0.04	0.05	0.0714285714285714	0.0625	0.0666666666666667	0.07	

MAP:	0.104584195872484

NDCG:	0.1	0.05	0.0380093766715934	0.0380093766715934	0.0501015766619538	0.0597785865804922	0.0806901257530444	0.0793763564265059	0.0940691076080261	0.102773741714635	

