precision:	0	0.1	0.1	0.1	0.1	0.0833333333333333	0.0714285714285714	0.0625	0.0555555555555556	0.05	

MAP:	0.0750702140165834

NDCG:	0	0.1	0.1	0.106069982347614	0.109932157784979	0.10407021833745	0.0996043627573016	0.0970999852023257	0.0950402921452837	0.0933054457327962	

