precision:	0.1	0.05	0.1	0.1	0.08	0.0666666666666667	0.0714285714285714	0.0625	0.0555555555555556	0.05	

MAP:	0.0790904601254615

NDCG:	0.1	0.05	0.0859718699852197	0.0882121198660703	0.0775453339161287	0.0716833944685993	0.0754924471342442	0.0713399605139849	0.0679248013882315	0.0650482676556295	

