precision:	0.1	0.05	0.133333333333333	0.125	0.1	0.1	0.1	0.1	0.0888888888888889	0.08	

MAP:	0.0780188328758522

NDCG:	0.1	0.05	0.109953116642033	0.112193366522884	0.101526580572942	0.108020485481015	0.112576052597251	0.117460395970086	0.115907483862464	0.114599490911958	

