precision:	0.3	0.2	0.133333333333333	0.1	0.1	0.1	0.114285714285714	0.1	0.0888888888888889	0.09	

MAP:	0.0895379373720538

NDCG:	0.3	0.2	0.152037506686374	0.12775757729592	0.124401075536818	0.12201036455647	0.130559666347904	0.125312008758522	0.122858387396061	0.129243826572515	

