precision:	0	0	0.0666666666666667	0.05	0.06	0.05	0.0428571428571429	0.0375	0.0444444444444444	0.05	

MAP:	0.0604137907541453

NDCG:	0	0	0.0479624933136263	0.0441327608468634	0.053788199440277	0.0508678441795993	0.0499652619584409	0.0492462108214454	0.061236834149852	0.0696889192295462	

