precision:	0.1	0.2	0.233333333333333	0.2	0.16	0.15	0.157142857142857	0.1375	0.122222222222222	0.12	

MAP:	0.105303120723407

NDCG:	0.1	0.2	0.223981246656813	0.208011549494823	0.185758237232785	0.185567536521893	0.198961466382342	0.193328303585412	0.188695381413206	0.191786254146398	

