precision:	0.1	0.05	0.0666666666666667	0.075	0.1	0.1	0.1	0.1	0.0888888888888889	0.11	

MAP:	0.101079960450089

NDCG:	0.1	0.05	0.0619906233284066	0.0680606056760201	0.0882925286328225	0.0910434121087817	0.0941870086346619	0.0966913861896378	0.0923825088095649	0.111653173219966	

