precision:	0	0	0.0333333333333333	0.05	0.04	0.0666666666666667	0.0714285714285714	0.075	0.0777777777777778	0.07	

MAP:	0.0822204733693769

NDCG:	0	0	0.0239812466568131	0.0361212113520402	0.0317533622364107	0.0531439042820571	0.0599643474533467	0.0646172868531862	0.0691306012726891	0.0672030934916491	

