precision:	0	0	0.0666666666666667	0.05	0.06	0.0666666666666667	0.0714285714285714	0.075	0.0666666666666667	0.08	

MAP:	0.0834178036126524

NDCG:	0	0	0.0479624933136263	0.0403030283801005	0.0475217055765674	0.05756977014894	0.0622975780650389	0.0660640334392699	0.0627931357027223	0.0714961112169918	

