precision:	0.1	0.2	0.233333333333333	0.225	0.18	0.166666666666667	0.142857142857143	0.125	0.122222222222222	0.12	

MAP:	0.10910322472517

NDCG:	0.1	0.2	0.223981246656813	0.226221496537664	0.203462510597362	0.198113884938379	0.185764183706561	0.177813854326803	0.183265831678229	0.183487435186505	

