precision:	0.1	0.05	0.0666666666666667	0.05	0.04	0.05	0.0428571428571429	0.05	0.0555555555555556	0.07	

MAP:	0.0628715054505064

NDCG:	0.1	0.05	0.0619906233284066	0.0520909085140302	0.045791971679718	0.0560095080368092	0.0525915179652879	0.067588599595304	0.0762912279856344	0.0893157488871046	

