precision:	0.1	0.1	0.0666666666666667	0.075	0.06	0.05	0.0714285714285714	0.0625	0.0666666666666667	0.07	

MAP:	0.0663046025092316

NDCG:	0.1	0.1	0.0760187533431869	0.0798484858099498	0.0701930472165361	0.0660667220025974	0.0823151874361474	0.0808856767282792	0.0860785644996101	0.093175535528199	

