precision:	0	0.1	0.133333333333333	0.1	0.12	0.1	0.1	0.1	0.0888888888888889	0.08	

MAP:	0.0777960785274867

NDCG:	0	0.1	0.123981246656813	0.108011549494823	0.122034837203866	0.11361271499127	0.11547131992713	0.123029500064957	0.118825520555963	0.115284576071826	

