precision:	0	0.05	0.0666666666666667	0.075	0.08	0.0833333333333333	0.1	0.1	0.111111111111111	0.11	

MAP:	0.10242699750046

NDCG:	0	0.05	0.0619906233284066	0.0741305880236336	0.0818549388983646	0.0873567058502828	0.105087381032707	0.109021269295551	0.128029888857664	0.134640709552842	

