precision:	0	0.05	0.0333333333333333	0.075	0.12	0.1	0.114285714285714	0.1125	0.111111111111111	0.11	

MAP:	0.0965887669868129

NDCG:	0	0.05	0.0380093766715934	0.0699487709955733	0.106640743058366	0.102705118555319	0.116256621808493	0.120700348226337	0.128062220429581	0.131505358828502	

