precision:	0	0.05	0.0333333333333333	0.025	0.04	0.0333333333333333	0.0285714285714286	0.0375	0.0444444444444444	0.05	

MAP:	0.0593493976412172

NDCG:	0	0.05	0.0380093766715934	0.0319393943239799	0.0401694188769748	0.0374185354010157	0.0353228043837622	0.0425098108360126	0.0484206717048959	0.0533992949701613	

