precision:	0.3	0.25	0.166666666666667	0.125	0.12	0.116666666666667	0.114285714285714	0.1	0.0888888888888889	0.08	

MAP:	0.0994513064269021

NDCG:	0.3	0.25	0.190046883357967	0.165766953967513	0.162410452208412	0.160019741228064	0.169829585883313	0.164101779636366	0.159391019177952	0.155423221231833	

