precision:	0.1	0.05	0.0666666666666667	0.05	0.04	0.0333333333333333	0.0285714285714286	0.0375	0.0333333333333333	0.03	

MAP:	0.101466643507929

NDCG:	0.1	0.05	0.0619906233284066	0.0581608908616437	0.055724129464697	0.0539885152311063	0.0526662561768385	0.0587998717533483	0.0574758144298419	0.0563605821918346	

