precision:	0.1	0.2	0.166666666666667	0.2	0.2	0.2	0.185714285714286	0.175	0.166666666666667	0.15	

MAP:	0.144009604416242

NDCG:	0.1	0.2	0.188009376671593	0.21387878864796	0.218246637763589	0.228824346616292	0.227407149006036	0.227669556150557	0.22904549693462	0.222744003763972	

