precision:	0.1	0.1	0.1	0.075	0.06	0.05	0.0428571428571429	0.0625	0.0555555555555556	0.05	

MAP:	0.123383185515661

NDCG:	0.1	0.1	0.1	0.0961702675332371	0.0937335061362904	0.0937335061362904	0.0937335061362904	0.111566977363201	0.111109267794969	0.110723746369972	

