precision:	0.2	0.15	0.133333333333333	0.15	0.12	0.15	0.142857142857143	0.15	0.144444444444444	0.13	

MAP:	0.126886313873513

NDCG:	0.2	0.15	0.138009376671593	0.153979073833583	0.13995578612454	0.160424400309849	0.159468377595147	0.172857220956007	0.173448595300337	0.168217700324714	

