precision:	0	0	0	0	0	0	0	0.0125	0.0222222222222222	0.03	

MAP:	0.0231105957197441

NDCG:	0	0	0	0	0	0	0	0.00935907296220482	0.0157276433993196	0.0210917880895823	

