precision:	0	0	0.0666666666666667	0.05	0.06	0.0666666666666667	0.0571428571428571	0.0625	0.0666666666666667	0.08	

MAP:	0.0844437704583818

NDCG:	0	0	0.0479624933136263	0.0403030283801005	0.051799253105644	0.0581255885890382	0.0546703310532696	0.0591046720956939	0.0627516387599219	0.0772653827572799	

