precision:	0	0	0.0666666666666667	0.075	0.08	0.0666666666666667	0.0714285714285714	0.075	0.0777777777777778	0.08	

MAP:	0.0877076640394334

NDCG:	0	0	0.0479624933136263	0.0593077167158972	0.0665263939123641	0.0618704244180957	0.0665982323341946	0.0703646877084255	0.0790844133002845	0.0820583887177864	

