precision:	0.1	0.2	0.2	0.175	0.14	0.133333333333333	0.114285714285714	0.1	0.0888888888888889	0.08	

MAP:	0.0746255086938388

NDCG:	0.1	0.2	0.2	0.18403030283801	0.161776990575972	0.16158628986508	0.153166098331818	0.146458068687781	0.140941136124317	0.136294312349804	

