precision:	0	0.1	0.0666666666666667	0.05	0.08	0.0666666666666667	0.0714285714285714	0.0625	0.0555555555555556	0.05	

MAP:	0.0812942177160887

NDCG:	0	0.1	0.0760187533431869	0.0699487709955733	0.0902709955389286	0.0863353710358824	0.0989720019626416	0.0989720019626416	0.0989720019626416	0.0989720019626416	

