precision:	0.4	0.3	0.266666666666667	0.2	0.18	0.15	0.128571428571429	0.1125	0.111111111111111	0.11	

MAP:	0.102983993795854

NDCG:	0.4	0.3	0.276018753343187	0.23193939432398	0.215985018896254	0.19757463202219	0.185644607623482	0.177912876601139	0.183544637355492	0.183917669539283	

