precision:	0.1	0.05	0.0666666666666667	0.075	0.06	0.0666666666666667	0.0571428571428571	0.05	0.0555555555555556	0.05	

MAP:	0.0886430270811268

NDCG:	0.1	0.05	0.0619906233284066	0.0710955968498269	0.0647966600155147	0.0701077262565404	0.0658789967577861	0.06251013718705	0.0725964331166565	0.0709924487051371	

