precision:	0.1	0.1	0.1	0.1	0.1	0.0833333333333333	0.0857142857142857	0.1	0.0888888888888889	0.09	

MAP:	0.104709627973288

NDCG:	0.1	0.1	0.1	0.103829732466763	0.10626649386371	0.0982045441467247	0.100337542628226	0.114706609386176	0.109735585398441	0.111277571754484	

