precision:	0.2	0.15	0.133333333333333	0.125	0.1	0.0833333333333333	0.0714285714285714	0.075	0.0666666666666667	0.07	

MAP:	0.119438616321986

NDCG:	0.2	0.15	0.15	0.15	0.13790780000964	0.133781474795701	0.133781474795701	0.140968481247951	0.140968481247951	0.147961589987769	

