precision:	0.3	0.2	0.166666666666667	0.175	0.16	0.15	0.128571428571429	0.1125	0.1	0.1	

MAP:	0.0807840254869915

NDCG:	0.3	0.2	0.176018753343187	0.17984848580995	0.170193047216536	0.163315838526638	0.151897333754965	0.144281344113952	0.139295610244593	0.144710922341466	

