precision:	0.1	0.15	0.166666666666667	0.15	0.14	0.133333333333333	0.114285714285714	0.1	0.0888888888888889	0.09	

MAP:	0.0961657510997921

NDCG:	0.1	0.15	0.161990623328407	0.158160890861644	0.155724129464697	0.155052702226156	0.146266274353328	0.141154662267291	0.136950682758297	0.139138738370928	

