precision:	0	0	0	0	0.02	0.0166666666666667	0.0285714285714286	0.05	0.0444444444444444	0.04	

MAP:	0.0327383472956093

NDCG:	0	0	0	0	0.0120921999903604	0.0109074589632733	0.0182797849879079	0.0342311462128202	0.033284318331152	0.0324868203990504	

