precision:	0	0.05	0.0333333333333333	0.1	0.08	0.0666666666666667	0.0714285714285714	0.0625	0.0555555555555556	0.05	

MAP:	0.0625276987679831

NDCG:	0	0.05	0.0380093766715934	0.0859184681575633	0.0801252050015151	0.0759988797875764	0.0828565904231133	0.0811870053864628	0.0798138766817681	0.0786573124067764	

