precision:	0.3	0.15	0.1	0.1	0.1	0.1	0.1	0.0875	0.0777777777777778	0.07	

MAP:	0.0792196360648418

NDCG:	0.3	0.15	0.11402813001478	0.117857862481543	0.12029462387849	0.122030238112081	0.123352497166348	0.118888466626489	0.115217082217575	0.112124734040312	

