precision:	0	0.05	0.0666666666666667	0.05	0.08	0.0833333333333333	0.0857142857142857	0.075	0.0888888888888889	0.1	

MAP:	0.0846692909853915

NDCG:	0	0.05	0.0619906233284066	0.0520909085140301	0.0699763716604387	0.0729179558472904	0.0768853690676364	0.0720784072229093	0.087444046461204	0.108780356512443	

