precision:	0	0.1	0.133333333333333	0.1	0.1	0.0833333333333333	0.0714285714285714	0.0625	0.0555555555555556	0.05	

MAP:	0.0768378388216943

NDCG:	0	0.1	0.123981246656813	0.110251799375674	0.113608301134775	0.107386189191635	0.102645940065846	0.0999229641534546	0.097683487693485	0.0957972126054833	

