precision:	0.1	0.1	0.1	0.075	0.08	0.0666666666666667	0.0714285714285714	0.0875	0.0777777777777778	0.09	

MAP:	0.100564698331478

NDCG:	0.1	0.1	0.1	0.087860035304773	0.0922278844204024	0.0855413764413971	0.0887222404315246	0.1039260997078	0.0996416400724129	0.110213993645646	

