precision:	0.2	0.25	0.166666666666667	0.125	0.12	0.116666666666667	0.114285714285714	0.1375	0.133333333333333	0.13	

MAP:	0.116477588237964

NDCG:	0.2	0.25	0.190046883357967	0.165766953967513	0.162410452208412	0.161204482255151	0.160285727004697	0.179410590138572	0.178350909612903	0.181344073347662	

