precision:	0.2	0.2	0.166666666666667	0.125	0.12	0.1	0.1	0.1	0.0888888888888889	0.09	

MAP:	0.136963743460668

NDCG:	0.2	0.2	0.176018753343187	0.153979073833583	0.16148961402821	0.154252232842701	0.162277724901844	0.170554956176667	0.166942351012002	0.170892620388826	

