precision:	0.1	0.05	0.0666666666666667	0.05	0.06	0.05	0.0428571428571429	0.05	0.0444444444444444	0.04	

MAP:	0.112271412870899

NDCG:	0.1	0.05	0.0619906233284066	0.0619906233284066	0.0740828233187669	0.0728980822916799	0.0719955000705215	0.0784634553857764	0.0778720810414468	0.0773739759203027	

