precision:	0.1	0.1	0.0666666666666667	0.1	0.1	0.0833333333333333	0.0857142857142857	0.075	0.0666666666666667	0.06	

MAP:	0.131138747598029

NDCG:	0.1	0.1	0.0760187533431869	0.107958147667167	0.117851520644202	0.116476078906222	0.128967426545513	0.128132634027188	0.12744606967484	0.126867787537345	

