precision:	0	0.05	0.0666666666666667	0.05	0.06	0.0666666666666667	0.1	0.0875	0.0777777777777778	0.07	

MAP:	0.0972522864772965

NDCG:	0	0.05	0.0619906233284066	0.055920640980793	0.064150665533788	0.0727634884572765	0.102865595364013	0.101551826037474	0.100471333379708	0.0995612517514596	

