precision:	0	0	0.0333333333333333	0.075	0.12	0.1	0.114285714285714	0.1125	0.111111111111111	0.11	

MAP:	0.0911935586836585

NDCG:	0	0	0.0239812466568131	0.0520909085140301	0.0820685716507991	0.0752125918870752	0.0918035587669476	0.0950695613615983	0.107160316522935	0.109787615494807	

