precision:	0.1	0.15	0.1	0.125	0.14	0.116666666666667	0.114285714285714	0.1	0.111111111111111	0.1	

MAP:	0.124131985246997

NDCG:	0.1	0.15	0.11402813001478	0.133827559643533	0.146425433312158	0.137178742568086	0.143673463730553	0.138061398864935	0.158076448650377	0.15418882772061	

