precision:	0	0.05	0.0666666666666667	0.05	0.1	0.0833333333333333	0.114285714285714	0.125	0.122222222222222	0.13	

MAP:	0.107205028846364

NDCG:	0	0.05	0.0619906233284066	0.0581608908616437	0.0920007294357781	0.0878956331480133	0.114857239290932	0.126269373803611	0.138691239779957	0.151212143813225	

