precision:	0	0.05	0.0666666666666667	0.075	0.14	0.116666666666667	0.128571428571429	0.125	0.122222222222222	0.13	

MAP:	0.109338915538093

NDCG:	0	0.05	0.0619906233284066	0.0741305880236336	0.118131538869446	0.111466259816614	0.128202509983955	0.131468512578606	0.143559267739942	0.155801282446672	

