precision:	0	0.05	0.0333333333333333	0.05	0.06	0.0833333333333333	0.0857142857142857	0.0875	0.1	0.09	

MAP:	0.0988748875469158

NDCG:	0	0.05	0.0380093766715934	0.0539790738335834	0.064140186105261	0.0822393182363955	0.0930173442272949	0.0980046233658795	0.117879590683267	0.115605406456597	

