precision:	0.2	0.1	0.1	0.1	0.12	0.15	0.128571428571429	0.1375	0.133333333333333	0.13	

MAP:	0.118632481204538

NDCG:	0.2	0.1	0.1	0.103829732466763	0.11835869385407	0.139568881956775	0.130902911116858	0.144574928747661	0.145399196122267	0.155415962992285	

