precision:	0	0	0.0333333333333333	0.05	0.1	0.1	0.114285714285714	0.125	0.122222222222222	0.12	

MAP:	0.0980366271401386

NDCG:	0	0	0.0239812466568131	0.0399509438188031	0.0742964560712015	0.0802285421975863	0.0930227465170702	0.109417214021783	0.121885198624958	0.124830231902736	

