precision:	0.2	0.2	0.166666666666667	0.175	0.18	0.15	0.157142857142857	0.1625	0.144444444444444	0.14	

MAP:	0.168914336183005

NDCG:	0.2	0.2	0.176018753343187	0.185918468157563	0.192217404991875	0.184346155985783	0.20016365090267	0.212172532298615	0.207983262671246	0.210183708181136	

