precision:	0	0.05	0.0333333333333333	0.05	0.04	0.0333333333333333	0.0428571428571429	0.0375	0.0444444444444444	0.04	

MAP:	0.0594954516442365

NDCG:	0	0.05	0.0380093766715934	0.0479090914859699	0.0421158283299217	0.037989503115983	0.0431208148358957	0.0400217190913769	0.0438414781580131	0.0413297998319162	

