precision:	0.2	0.2	0.133333333333333	0.15	0.12	0.1	0.1	0.0875	0.0777777777777778	0.08	

MAP:	0.0610100527921652

NDCG:	0.2	0.2	0.152037506686374	0.1596969716199	0.140386094433072	0.126631677053277	0.124427930212802	0.115485286840006	0.108130525003096	0.108243009355297	

