precision:	0	0	0	0.05	0.04	0.05	0.0428571428571429	0.0375	0.0333333333333333	0.03	

MAP:	0.048901575173521

NDCG:	0	0	0	0.0349743854977867	0.0330432977791039	0.0414654199917	0.0396068150558402	0.0381261388791699	0.0369083758327171	0.0358826735586935	

