precision:	0	0	0.0666666666666667	0.05	0.04	0.0333333333333333	0.0428571428571429	0.05	0.0444444444444444	0.04	

MAP:	0.0575049529847815

NDCG:	0	0	0.0479624933136263	0.0403030283801005	0.035429505586207	0.0319582771190257	0.037588667256283	0.0420741737675094	0.0393946503752915	0.0375497073242742	

