precision:	0.2	0.2	0.133333333333333	0.1	0.08	0.0833333333333333	0.0857142857142857	0.0875	0.0777777777777778	0.09	

MAP:	0.0653584620605014

NDCG:	0.2	0.2	0.152037506686374	0.133827559643533	0.122241033331437	0.123785946854135	0.124962922620934	0.125900572115345	0.120303159425488	0.12980709741193	

