precision:	0	0	0.0666666666666667	0.05	0.04	0.0333333333333333	0.0285714285714286	0.025	0.0222222222222222	0.02	

MAP:	0.0579956238512706

NDCG:	0	0	0.0479624933136263	0.0441327608468634	0.0416959994499167	0.039960385216326	0.0386381261620582	0.0375847352863176	0.0367183875310427	0.0359886767180327	

