precision:	0.1	0.15	0.1	0.1	0.1	0.0833333333333333	0.0714285714285714	0.0625	0.0555555555555556	0.06	

MAP:	0.0529332633625442

NDCG:	0.1	0.15	0.11402813001478	0.11178788013393	0.110362466093511	0.0995496329005669	0.0913119921190213	0.0847493933537489	0.0793520685429879	0.0825378184909622	

