precision:	0.1	0.1	0.133333333333333	0.125	0.1	0.0833333333333333	0.0714285714285714	0.0625	0.0555555555555556	0.05	

MAP:	0.0587642654321331

NDCG:	0.1	0.1	0.123981246656813	0.126221496537664	0.115554710587722	0.109692771140193	0.105226915560045	0.101669147129328	0.0987431063170114	0.0975865420420198	

