precision:	0.1	0.15	0.133333333333333	0.1	0.12	0.1	0.0857142857142857	0.075	0.0777777777777778	0.08	

MAP:	0.0621362568841848

NDCG:	0.1	0.15	0.138009376671593	0.11596969716199	0.126130809433668	0.113773062718025	0.10435844616968	0.0968581979099972	0.0970582857890937	0.0988027930719231	

