precision:	0	0.2	0.166666666666667	0.15	0.12	0.116666666666667	0.1	0.0875	0.0888888888888889	0.08	

MAP:	0.090262408089105

NDCG:	0	0.2	0.176018753343187	0.169948770995573	0.153994395567848	0.152428253118975	0.142960196077087	0.135417373914725	0.135582447436028	0.131169617067052	

