precision:	0.2	0.1	0.1	0.075	0.08	0.1	0.0857142857142857	0.0875	0.0777777777777778	0.07	

MAP:	0.0556632406409335

NDCG:	0.2	0.1	0.1	0.0840303028380101	0.0859613905566928	0.0971343962452479	0.0890966140808487	0.0898802411303719	0.0841561546649355	0.0797822686192732	

