precision:	0	0	0	0	0.04	0.05	0.0428571428571429	0.05	0.0555555555555556	0.05	

MAP:	0.0322029481270214

NDCG:	0	0	0	0	0.0241843999807207	0.0316124818771222	0.0289965780075724	0.0340995985274868	0.0382965120136053	0.0364880262282844	

