precision:	0.3	0.25	0.166666666666667	0.125	0.12	0.116666666666667	0.1	0.0875	0.0888888888888889	0.08	

MAP:	0.0772951657704997

NDCG:	0.3	0.25	0.190046883357967	0.165766953967513	0.162410452208412	0.160019741228064	0.149923495510658	0.141880220568715	0.141633703148616	0.137301049795992	

