precision:	0	0	0.0666666666666667	0.05	0.06	0.0666666666666667	0.0714285714285714	0.0875	0.0888888888888889	0.08	

MAP:	0.106615189696476

NDCG:	0	0	0.0870742220139589	0.083244489547196	0.0928999281406096	0.0997771368305075	0.105016464373641	0.126451811821477	0.131333621212158	0.129272863716479	

