precision:	0.2	0.1	0.1	0.15	0.12	0.116666666666667	0.1	0.1	0.1	0.1	

MAP:	0.14908253289037

NDCG:	0.2	0.1	0.1	0.172039679509603	0.161878567237926	0.164438750002992	0.158114289486985	0.160819379677399	0.172448819657915	0.175951668898212	

