precision:	0.2	0.15	0.1	0.125	0.12	0.1	0.1	0.0875	0.0888888888888889	0.08	

MAP:	0.115200010008329

NDCG:	0.2	0.15	0.11402813001478	0.12775757729592	0.155376531353797	0.144372997449961	0.14426498162674	0.137586641480137	0.139422566413981	0.134796309314014	

