precision:	0	0	0.0333333333333333	0.05	0.04	0.05	0.0571428571428571	0.05	0.0555555555555556	0.05	

MAP:	0.0889685377979129

NDCG:	0	0	0.0630929753571457	0.0790626725191357	0.077131584800453	0.085553707013049	0.0919700103229821	0.0898946159567689	0.0945563050339943	0.0927537708463613	

