precision:	0	0	0.0333333333333333	0.025	0.02	0.0166666666666667	0.0428571428571429	0.0625	0.0666666666666667	0.06	

MAP:	0.0359982234765998

NDCG:	0	0	0.0239812466568131	0.0201515141900502	0.0177147527931035	0.0159791385595128	0.0329330949124551	0.0551386589660887	0.0690987271684322	0.0675715184233205	

