precision:	0.2	0.1	0.1	0.075	0.08	0.1	0.0857142857142857	0.0875	0.0777777777777778	0.07	

MAP:	0.145840132261702

NDCG:	0.2	0.15	0.161990623328407	0.15209090851403	0.157884171670078	0.171808060834593	0.165866009687447	0.170240684914511	0.167470009760436	0.165136314535907	

