precision:	0.1	0.1	0.1	0.1	0.1	0.0833333333333333	0.0714285714285714	0.075	0.0666666666666667	0.07	

MAP:	0.0578474095006004

NDCG:	0.1	0.1	0.1	0.1	0.1	0.0919380502830151	0.085796140518723	0.0991236371120886	0.0963773797026992	0.0997932512494836	

