precision:	0	0.1	0.0666666666666667	0.075	0.08	0.0833333333333333	0.0714285714285714	0.0625	0.0666666666666667	0.06	

MAP:	0.0861227875410693

NDCG:	0	0.15	0.138009376671593	0.14790909148597	0.163649656233591	0.169320894970228	0.165366559017115	0.163885882840445	0.169996559546614	0.168970857272591	

