precision:	0	0.05	0.0666666666666667	0.1	0.08	0.0666666666666667	0.0714285714285714	0.0625	0.0666666666666667	0.06	

MAP:	0.0549464199483058

NDCG:	0	0.05	0.0619906233284066	0.0840303028380101	0.0738691905663324	0.0666318093808234	0.0693929965378416	0.0654591082749975	0.0695521723047942	0.0668270672477064	

