precision:	0.2	0.2	0.166666666666667	0.125	0.12	0.1	0.0857142857142857	0.0875	0.1	0.09	

MAP:	0.117732457605294

NDCG:	0.2	0.2	0.188009376671593	0.16596969716199	0.164038609443307	0.152865603754752	0.144353569427565	0.148038883015069	0.159927198095017	0.156751109017385	

