precision:	0	0	0	0.05	0.08	0.1	0.0857142857142857	0.0875	0.0888888888888889	0.08	

MAP:	0.0735435137953978

NDCG:	0	0	0	0.0319393943239799	0.0617032467806445	0.0773627501787495	0.0727429580858715	0.0768954447061309	0.0803106038318843	0.0774581374677186	

