precision:	0.1	0.1	0.1	0.075	0.08	0.0833333333333333	0.0714285714285714	0.075	0.0666666666666667	0.07	

MAP:	0.122769752039926

NDCG:	0.1	0.15	0.169555864350166	0.163485882002553	0.171715906555548	0.177577846003077	0.173768793337432	0.179123691961587	0.177159188912562	0.181233519613194	

