precision:	0.1	0.1	0.1	0.15	0.2	0.2	0.2	0.175	0.155555555555556	0.14	

MAP:	0.174167295279275

NDCG:	0.1	0.1	0.1	0.147039679509603	0.191188263152484	0.230064244586831	0.27536569769471	0.273811854039389	0.272533915342712	0.271457528084072	

