precision:	0.3	0.3	0.233333333333333	0.25	0.28	0.233333333333333	0.2	0.175	0.166666666666667	0.15	

MAP:	0.313349838634613

NDCG:	0.3	0.35	0.326018753343187	0.385918468157563	0.431784328839022	0.417860439674508	0.407252674330068	0.405698830674747	0.411749331730693	0.410672944472053	

