precision:	0.2	0.15	0.133333333333333	0.175	0.16	0.15	0.128571428571429	0.1125	0.122222222222222	0.13	

MAP:	0.213687783365236

NDCG:	0.2	0.15	0.189111728700333	0.258911158329085	0.259416832007349	0.259777004502961	0.251776489802809	0.251130606144464	0.273701091042267	0.290424633497148	

