precision:	0	0.2	0.166666666666667	0.125	0.16	0.183333333333333	0.157142857142857	0.15	0.155555555555556	0.14	

MAP:	0.225737146766672

NDCG:	0	0.25	0.289111728700333	0.283041746352719	0.330838694752861	0.357480503128628	0.352952553829676	0.359404321310786	0.37299880342782	0.372103963154765	

