precision:	0.1	0.3	0.266666666666667	0.275	0.28	0.233333333333333	0.2	0.175	0.166666666666667	0.15	

MAP:	0.260362839739155

NDCG:	0.1	0.35	0.389111728700333	0.414981140676699	0.446823713649115	0.432709123773708	0.4219560751418	0.419451697586824	0.424720444282404	0.422985597869917	

