precision:	0.2	0.3	0.3	0.3	0.28	0.233333333333333	0.2	0.175	0.166666666666667	0.15	

MAP:	0.280373648158422

NDCG:	0.2	0.35	0.420658216378905	0.446527628355272	0.456836373424018	0.442721783548611	0.431968734916703	0.429464357361727	0.434733104057307	0.43299825764482	

