precision:	0.2	0.1	0.0666666666666667	0.075	0.12	0.1	0.114285714285714	0.125	0.111111111111111	0.1	

MAP:	0.13133732747597

NDCG:	0.2	0.1	0.0760187533431869	0.0798484858099498	0.108132995611657	0.0988863048675855	0.13573743983873	0.176095256832869	0.175503882488539	0.175005777367395	

