precision:	0	0	0.0333333333333333	0.025	0.02	0.0166666666666667	0.0142857142857143	0.025	0.0444444444444444	0.05	

MAP:	0.0744805270842474

NDCG:	0	0	0.0239812466568131	0.0201515141900502	0.0177147527931035	0.0159791385595128	0.014656879505245	0.0273266717291095	0.0410236819188468	0.0463878266091095	

