precision:	0	0	0.0666666666666667	0.05	0.06	0.0666666666666667	0.0714285714285714	0.075	0.0666666666666667	0.06	

MAP:	0.0883868956867579

NDCG:	0	0	0.0870742220139589	0.083244489547196	0.0928999281406096	0.0997771368305075	0.105016464373641	0.110889701499353	0.109351499273355	0.10805589622011	

