precision:	0	0.1	0.2	0.15	0.16	0.183333333333333	0.171428571428571	0.15	0.144444444444444	0.13	

MAP:	0.20787103186576

NDCG:	0	0.15	0.280611333020938	0.266881885739799	0.286192762926626	0.319289820668149	0.321493567508624	0.320179798182085	0.326427745276941	0.325517663648693	

