precision:	0.1	0.25	0.2	0.25	0.28	0.233333333333333	0.2	0.175	0.166666666666667	0.15	

MAP:	0.249064124348899

NDCG:	0.1	0.3	0.288009376671593	0.369948770995573	0.417745719395715	0.40519727196918	0.395637372133367	0.394083528478046	0.400134029533992	0.399057642275352	

