precision:	0	0.2	0.166666666666667	0.175	0.26	0.216666666666667	0.185714285714286	0.1625	0.166666666666667	0.15	

MAP:	0.196603806888581

NDCG:	0	0.2	0.188009376671593	0.203979073833583	0.308866965750108	0.296509219034465	0.28709460248612	0.285540758830799	0.323137747565318	0.322061360306678	

