precision:	0.1	0.2	0.2	0.2	0.22	0.2	0.171428571428571	0.15	0.144444444444444	0.15	

MAP:	0.240689145644948

NDCG:	0.1	0.25	0.313092975357146	0.332892404985899	0.368687454982233	0.373954097593909	0.36676432232099	0.36676432232099	0.373132892758105	0.385490146188185	

