precision:	0.3	0.2	0.233333333333333	0.25	0.24	0.216666666666667	0.185714285714286	0.1625	0.166666666666667	0.15	

MAP:	0.243102667356184

NDCG:	0.3	0.2	0.270658216378905	0.330557931193282	0.341134415556671	0.346553166753883	0.335945401409443	0.333556765235797	0.34528927237651	0.343269747573869	

