precision:	0.2	0.15	0.133333333333333	0.2	0.2	0.2	0.185714285714286	0.1625	0.155555555555556	0.14	

MAP:	0.224064560420763

NDCG:	0.2	0.2	0.2	0.284974385497787	0.306508213401456	0.330757323879249	0.331568063306482	0.330849012169486	0.337586077577779	0.337087972456635	

