precision:	0.1	0.2	0.133333333333333	0.15	0.2	0.166666666666667	0.142857142857143	0.125	0.111111111111111	0.1	

MAP:	0.192376835862818

NDCG:	0.1	0.25	0.226018753343187	0.251888165319553	0.329448966176359	0.322762458197354	0.317668413941689	0.316114570286368	0.314836631589691	0.313760244331051	

