precision:	0.3	0.25	0.266666666666667	0.275	0.24	0.2	0.185714285714286	0.1625	0.177777777777778	0.17	

MAP:	0.304795762931194

NDCG:	0.3	0.3	0.323981246656813	0.376221496537664	0.373784735140717	0.362251556956551	0.371275488439124	0.368886852265478	0.402014656136769	0.407353095480451	

