precision:	0.2	0.1	0.1	0.15	0.12	0.1	0.0857142857142857	0.075	0.0666666666666667	0.08	

MAP:	0.059724955209491

NDCG:	0.2	0.1	0.1	0.13193939432398	0.115985018896254	0.104621312496806	0.0959639948821514	0.0890670563781339	0.0833947581564277	0.0912316368494738	

