precision:	0.2	0.15	0.133333333333333	0.125	0.12	0.1	0.0857142857142857	0.0875	0.0888888888888889	0.08	

MAP:	0.0843678797943258

NDCG:	0.2	0.15	0.138009376671593	0.13193939432398	0.13193939432398	0.122141830373404	0.114677661554844	0.115918263402732	0.116938580410274	0.112068976957139	

