precision:	0.2	0.2	0.166666666666667	0.15	0.14	0.133333333333333	0.114285714285714	0.1	0.0888888888888889	0.08	

MAP:	0.0613945534939957

NDCG:	0.2	0.2	0.176018753343187	0.16387878864796	0.156154437773229	0.150652670821311	0.138186300541011	0.128254842205002	0.120086842240166	0.113207066932022	

