precision:	0	0	0	0	0	0	0.0142857142857143	0.0125	0.0222222222222222	0.02	

MAP:	0.0482186995041168

NDCG:	0	0	0	0	0	0	0.00827490824579292	0.00768019005624998	0.0172668288378385	0.0168548523307341	

