precision:	0.3	0.45	0.433333333333333	0.35	0.3	0.283333333333333	0.285714285714286	0.275	0.255555555555556	0.23	

MAP:	0.142676604497914

NDCG:	0.3	0.45	0.445574617693353	0.395425276326533	0.369815462305393	0.361372111166623	0.363214543073187	0.357495328392363	0.34642306351971	0.333681200934232	

