precision:	0	0	0	0.05	0.06	0.0833333333333333	0.0714285714285714	0.075	0.0666666666666667	0.06	

MAP:	0.0573390616424919

NDCG:	0	0	0	0.0319393943239799	0.0421005065956575	0.0591354517317421	0.0555635251474909	0.0599049206277305	0.057106874974611	0.0547501260179184	

