precision:	0.2	0.1	0.133333333333333	0.125	0.1	0.0833333333333333	0.0857142857142857	0.0875	0.0888888888888889	0.09	

MAP:	0.0837535213202619

NDCG:	0.2	0.1	0.123981246656813	0.12015151419005	0.109484728240109	0.101887174558989	0.104373968170366	0.106355097126616	0.107984451114471	0.109356829834124	

