precision:	0.1	0.1	0.0666666666666667	0.05	0.06	0.0666666666666667	0.0571428571428571	0.0625	0.0555555555555556	0.06	

MAP:	0.0438474078224677

NDCG:	0.1	0.1	0.0760187533431869	0.0638787886479598	0.0682466377635893	0.0713576937351595	0.0654529100522611	0.0679358116358699	0.0636092716198139	0.0656940964839292	

