precision:	0.1	0.1	0.0666666666666667	0.05	0.08	0.0833333333333333	0.0857142857142857	0.0875	0.1	0.1	

MAP:	0.0905497479669507

NDCG:	0.1	0.1	0.0760187533431869	0.0638787886479598	0.0842010131913151	0.0888782116117574	0.101976936080355	0.105410371563619	0.114602726782158	0.116616299987111	

