precision:	0	0	0	0	0	0	0.0142857142857143	0.0125	0.0222222222222222	0.02	

MAP:	0.0487932158754676

NDCG:	0	0	0	0	0	0	0.00827490824579292	0.00768019005624998	0.0229643155820999	0.0225523390749954	

