precision:	0	0.05	0.0666666666666667	0.05	0.04	0.0333333333333333	0.0571428571428571	0.05	0.0444444444444444	0.04	

MAP:	0.0503032762522528

NDCG:	0	0.05	0.0619906233284066	0.0520909085140302	0.0496541471170834	0.0479185328834927	0.0631460903208108	0.0609032630659844	0.0590586786838363	0.0579169913637219	

