precision:	0	0	0	0	0	0.0166666666666667	0.0285714285714286	0.0375	0.0333333333333333	0.03	

MAP:	0.0531756288077573

NDCG:	0	0	0	0	0	0.0193426403617271	0.02761754860752	0.0342098368702275	0.0332630089885594	0.0324655110564577	

