precision:	0.2	0.15	0.1	0.1	0.08	0.1	0.0857142857142857	0.075	0.0777777777777778	0.07	

MAP:	0.0430289207605122

NDCG:	0.2	0.15	0.11402813001478	0.11178788013393	0.0982702661031506	0.108237301838445	0.0992807644235915	0.0921454494786244	0.092645672061097	0.0873380014190657	

