precision:	0.1	0.05	0.0333333333333333	0.05	0.04	0.0333333333333333	0.0428571428571429	0.05	0.0555555555555556	0.05	

MAP:	0.0444788724850736

NDCG:	0.1	0.05	0.0380093766715934	0.0479090914859699	0.0421158283299217	0.037989503115983	0.0431208148358957	0.0472087255436273	0.050570775042032	0.0480855517980422	

