precision:	0	0	0	0	0	0	0.0142857142857143	0.025	0.0222222222222222	0.03	

MAP:	0.0494688916618044

NDCG:	0	0	0	0	0	0	0.00827490824579292	0.0148671965085004	0.0139203686268323	0.0231231078545857	

