precision:	0	0	0	0.025	0.02	0.0166666666666667	0.0285714285714286	0.0375	0.0444444444444444	0.04	

MAP:	0.0324724130971909

NDCG:	0	0	0	0.01596969716199	0.0140386094433072	0.0126631677053277	0.0198902104424938	0.025647706186876	0.0303828843899754	0.0286422489138729	

