precision:	0.2	0.15	0.1	0.1	0.1	0.1	0.1	0.0875	0.0777777777777778	0.08	

MAP:	0.0444378179545692

NDCG:	0.2	0.15	0.11402813001478	0.11178788013393	0.110362466093511	0.109347196851142	0.108573724888157	0.100770524274996	0.0943528824566933	0.0946764058262139	

