precision:	0.4	0.2	0.166666666666667	0.15	0.12	0.1	0.0857142857142857	0.0875	0.0888888888888889	0.08	

MAP:	0.0916320967095902

NDCG:	0.4	0.2	0.176018753343187	0.16387878864796	0.147924413220234	0.136560706820786	0.127903389206131	0.128193457154364	0.128432019801541	0.122903957194558	

