precision:	0.1	0.05	0.0333333333333333	0.025	0.04	0.0333333333333333	0.0428571428571429	0.0375	0.0555555555555556	0.06	

MAP:	0.0375318317440329

NDCG:	0.1	0.05	0.0380093766715934	0.0319393943239799	0.0401694188769748	0.0362337943739286	0.0415103893813097	0.0385270350181207	0.058215227932061	0.0615127267190835	

