precision:	0.1	0.1	0.166666666666667	0.125	0.1	0.1	0.1	0.1	0.1	0.09	

MAP:	0.0754209669372022

NDCG:	0.1	0.1	0.147962493313626	0.124333331218111	0.111735457549486	0.112560026080962	0.113188214756479	0.11368866753606	0.114100258477462	0.108717934826324	

