precision:	0.3	0.15	0.133333333333333	0.1	0.1	0.116666666666667	0.1	0.1	0.0888888888888889	0.09	

MAP:	0.0552232306614215

NDCG:	0.3	0.15	0.138009376671593	0.11596969716199	0.114038609443307	0.122460731655903	0.112327218474251	0.114900718809533	0.108261213207633	0.112283579910307	

