precision:	0.1	0.05	0.0666666666666667	0.075	0.08	0.0833333333333333	0.0857142857142857	0.075	0.0777777777777778	0.08	

MAP:	0.088314236328516

NDCG:	0.1	0.05	0.0619906233284066	0.0680606056760201	0.0719227811133856	0.0746736645893447	0.0767693956065982	0.0739749501033894	0.0780452648362852	0.0841967106072023	

