precision:	0.2	0.1	0.1	0.075	0.06	0.0666666666666667	0.0571428571428571	0.05	0.0555555555555556	0.05	

MAP:	0.103117329297849

NDCG:	0.2	0.1	0.111990623328407	0.108160890861644	0.105724129464697	0.113786079181682	0.111653080700181	0.111007197041836	0.116844568784845	0.116032293241813	

