precision:	0.3	0.2	0.133333333333333	0.15	0.12	0.116666666666667	0.114285714285714	0.1	0.1	0.09	

MAP:	0.232638939457291

NDCG:	0.3	0.25	0.226018753343187	0.24581818297194	0.234231656659843	0.235776570182542	0.236953545949341	0.231298907181044	0.233976762125477	0.230059649163975	

