precision:	0.2	0.1	0.0666666666666667	0.075	0.06	0.05	0.0571428571428571	0.05	0.0444444444444444	0.06	

MAP:	0.0730249933618064

NDCG:	0.2	0.1	0.0760187533431869	0.0859184681575633	0.0801252050015151	0.0759988797875764	0.0811301915074891	0.0802953989891638	0.0796088346368165	0.0917526613359057	

