precision:	0.4	0.25	0.166666666666667	0.125	0.12	0.1	0.0857142857142857	0.075	0.0666666666666667	0.06	

MAP:	0.246833637624797

NDCG:	0.4	0.35	0.326018753343187	0.31387878864796	0.318246637763589	0.311560129784584	0.306466085528919	0.304796500492268	0.303423371787573	0.302266807512582	

