precision:	0.1	0.1	0.1	0.125	0.1	0.0833333333333333	0.0857142857142857	0.0875	0.0888888888888889	0.08	

MAP:	0.127297776566274

NDCG:	0.1	0.1	0.139111728700333	0.158911158329085	0.147324632016989	0.139071981589112	0.141059696783144	0.152717608339859	0.155926661978398	0.152456969153423	

