precision:	0.1	0.05	0.0666666666666667	0.1	0.1	0.1	0.0857142857142857	0.075	0.0777777777777778	0.07	

MAP:	0.105319140228596

NDCG:	0.1	0.05	0.0619906233284066	0.0840303028380101	0.116936846373672	0.119497029138738	0.113172568622731	0.109803709051994	0.122806277737206	0.120472582512676	

