precision:	0.1	0.05	0.0666666666666667	0.05	0.04	0.0333333333333333	0.0285714285714286	0.0375	0.0333333333333333	0.04	

MAP:	0.104533523081583

NDCG:	0.1	0.05	0.101102352028739	0.0950323696811256	0.0911701942437602	0.088419310767801	0.0863235797505476	0.102990246417214	0.102990246417214	0.108719246513982	

