precision:	0.2	0.1	0.0666666666666667	0.05	0.06	0.05	0.0428571428571429	0.0375	0.0555555555555556	0.05	

MAP:	0.150574163104127

NDCG:	0.2	0.1	0.0880093766715934	0.0880093766715934	0.131077032478933	0.131077032478933	0.131077032478933	0.131077032478933	0.153218846755334	0.152853991348829	

