precision:	0.1	0.1	0.1	0.075	0.06	0.05	0.0428571428571429	0.0375	0.0333333333333333	0.04	

MAP:	0.13876885739464

NDCG:	0.1	0.15	0.161990623328407	0.15209090851403	0.145791971679718	0.141305473970168	0.137887483898647	0.135164507986256	0.132925031526286	0.146090256221484	

