precision:	0	0.05	0.0666666666666667	0.075	0.06	0.05	0.0428571428571429	0.0375	0.0444444444444444	0.04	

MAP:	0.0570335548082953

NDCG:	0	0.05	0.0619906233284066	0.0680606056760201	0.0598305811230252	0.0539686416754958	0.0495027860953478	0.0469984085403719	0.0522671552359524	0.0505323088234649	

