precision:	0.1	0.1	0.1	0.075	0.06	0.05	0.0428571428571429	0.05	0.0444444444444444	0.04	

MAP:	0.0475261202306271

NDCG:	0.1	0.1	0.1	0.0840303028380101	0.0738691905663324	0.0666318093808234	0.0611180882920487	0.0744455848854142	0.0716993274760249	0.0693861989260416	

