precision:	0	0	0.0666666666666667	0.05	0.06	0.0666666666666667	0.0571428571428571	0.0625	0.0555555555555556	0.05	

MAP:	0.0941471936652135

NDCG:	0	0	0.0870742220139589	0.083244489547196	0.0928999281406096	0.0997771368305075	0.0967415561278483	0.101510236909018	0.099063606547076	0.097002849051397	

