precision:	0.1	0.15	0.166666666666667	0.15	0.12	0.1	0.0857142857142857	0.075	0.0666666666666667	0.06	

MAP:	0.133977577796588

NDCG:	0.1	0.15	0.213092975357146	0.213092975357146	0.201000775366785	0.192387952443297	0.185826365845895	0.180599012378528	0.176299842861517	0.172678721361028	

