precision:	0.1	0.1	0.1	0.1	0.1	0.0833333333333333	0.1	0.1	0.0888888888888889	0.08	

MAP:	0.111432544060303

NDCG:	0.1	0.1	0.111990623328407	0.11806060567602	0.121922781113386	0.114876100638769	0.135592930438657	0.141133856519347	0.137993670804539	0.135348742763803	

