precision:	0.2	0.2	0.133333333333333	0.1	0.1	0.0833333333333333	0.0857142857142857	0.0875	0.0777777777777778	0.09	

MAP:	0.0700166743559527

NDCG:	0.2	0.2	0.152037506686374	0.12775757729592	0.124401075536818	0.112212800605895	0.111202202561515	0.11590833612388	0.112081586056725	0.121580484715078	

