precision:	0.1	0.1	0.133333333333333	0.125	0.1	0.0833333333333333	0.0857142857142857	0.0875	0.0888888888888889	0.08	

MAP:	0.12824998560374

NDCG:	0.1	0.1	0.163092975357146	0.163092975357146	0.151000775366785	0.142387952443297	0.144101274091688	0.155540587290988	0.158569857526599	0.15494873602611	

