precision:	0.1	0.1	0.133333333333333	0.125	0.1	0.0833333333333333	0.0857142857142857	0.075	0.0777777777777778	0.08	

MAP:	0.1285239598715

NDCG:	0.1	0.1	0.163092975357146	0.163092975357146	0.151000775366785	0.142387952443297	0.144101274091688	0.138873920624321	0.141903190859932	0.153333569142642	

