precision:	0.1	0.1	0.1	0.075	0.1	0.0833333333333333	0.0857142857142857	0.075	0.0777777777777778	0.07	

MAP:	0.105859166832272

NDCG:	0.1	0.1	0.139111728700333	0.126971764005106	0.143431813111095	0.135560564105003	0.137838845873972	0.134136440373788	0.13841988441962	0.135855133395235	

