precision:	0.1	0.05	0.0666666666666667	0.05	0.04	0.0333333333333333	0.0428571428571429	0.0375	0.0333333333333333	0.03	

MAP:	0.0545682621114308

NDCG:	0.1	0.05	0.0619906233284066	0.0520909085140301	0.045791971679718	0.0413054739701681	0.047888791060064	0.0451658151476729	0.0429263386877034	0.0410400635997016	

