precision:	0.1	0.1	0.133333333333333	0.125	0.1	0.0833333333333333	0.0714285714285714	0.0625	0.0555555555555556	0.05	

MAP:	0.11091740319276

NDCG:	0.1	0.1	0.163092975357146	0.163092975357146	0.151000775366785	0.142387952443297	0.135826365845895	0.130599012378528	0.126299842861517	0.122678721361028	

