precision:	0.2	0.1	0.0666666666666667	0.05	0.06	0.05	0.0428571428571429	0.05	0.0444444444444444	0.04	

MAP:	0.0424165258325399

NDCG:	0.2	0.1	0.0760187533431869	0.0638787886479598	0.0725241852926659	0.0670224183407476	0.0628309563062406	0.07180783604425	0.0704347073395554	0.0692781430645637	

