precision:	0.1	0.05	0.0333333333333333	0.025	0.02	0.0166666666666667	0.0285714285714286	0.025	0.0222222222222222	0.02	

MAP:	0.0608652118662663

NDCG:	0.1	0.05	0.05	0.05	0.05	0.05	0.0582749082457929	0.05768019005625	0.05768019005625	0.05768019005625	

