precision:	0.4	0.35	0.233333333333333	0.175	0.14	0.15	0.128571428571429	0.125	0.111111111111111	0.1	

MAP:	0.12082131251659

NDCG:	0.4	0.35	0.266065636701154	0.229645742615473	0.20647268999128	0.221858476923787	0.210569082410287	0.210017385372241	0.203993671859356	0.198919994622862	

