precision:	0.3	0.2	0.233333333333333	0.175	0.16	0.166666666666667	0.142857142857143	0.1375	0.122222222222222	0.11	

MAP:	0.143237785776661

NDCG:	0.3	0.2	0.23597186998522	0.20627272554209	0.199468115029514	0.210090247511566	0.201632788514057	0.20618741780559	0.201177266191545	0.196957295879014	

