precision:	0	0	0.0333333333333333	0.025	0.06	0.05	0.0571428571428571	0.075	0.0777777777777778	0.09	

MAP:	0.0588967025187454

NDCG:	0	0	0.0239812466568131	0.0201515141900502	0.0461767003029009	0.0432563450422231	0.0502089942337482	0.0729305330427298	0.0802589727953523	0.0944400579718141	

