precision:	0.1	0.1	0.1	0.075	0.1	0.1	0.0857142857142857	0.0875	0.0777777777777778	0.07	

MAP:	0.0684581438299944

NDCG:	0.1	0.1	0.111990623328407	0.10209090851403	0.124253919189515	0.129564985430541	0.125336255931787	0.134283446172361	0.132885899722981	0.131708768773443	

