precision:	0	0	0.0333333333333333	0.025	0.04	0.0333333333333333	0.0428571428571429	0.05	0.0555555555555556	0.06	

MAP:	0.0469235728821704

NDCG:	0	0	0.0239812466568131	0.0201515141900502	0.0298069527834639	0.0268865975227861	0.0329366644931529	0.0388099016188649	0.0461290757894188	0.0505624728329408	

