precision:	0.1	0.15	0.166666666666667	0.15	0.14	0.133333333333333	0.142857142857143	0.125	0.111111111111111	0.11	

MAP:	0.0974015908023679

NDCG:	0.1	0.15	0.161990623328407	0.15209090851403	0.155233599593027	0.158213754764609	0.173191896015277	0.169874201913343	0.167145607139937	0.173299440624525	

