precision:	0	0.05	0.0333333333333333	0.025	0.06	0.05	0.0571428571428571	0.0625	0.0555555555555556	0.05	

MAP:	0.0318553176691261

NDCG:	0	0.05	0.0380093766715934	0.0319393943239799	0.0522616188673352	0.048325994364289	0.05360258937167	0.0578062414607315	0.054894910530039	0.0524427432018016	

