precision:	0	0	0.0666666666666667	0.075	0.1	0.116666666666667	0.1	0.1125	0.111111111111111	0.1	

MAP:	0.0624023403149902

NDCG:	0	0	0.0479624933136263	0.0562727255420904	0.073652515010235	0.0872162316791382	0.0818105264135844	0.0929314211286789	0.0986556028109418	0.0960165631777669	

