precision:	0.1	0.15	0.166666666666667	0.175	0.18	0.15	0.128571428571429	0.1125	0.1	0.09	

MAP:	0.107661392766229

NDCG:	0.1	0.15	0.173981246656813	0.18612121135204	0.198123109755848	0.186399230860789	0.177467519700493	0.172021567875711	0.167542614955772	0.163770064779768	

