precision:	0	0.05	0.133333333333333	0.125	0.12	0.1	0.1	0.0875	0.0777777777777778	0.08	

MAP:	0.0694825974492838

NDCG:	0	0.05	0.117518357663793	0.119758607544643	0.123620782982009	0.116574102507392	0.119480572951879	0.115328086331619	0.112402045519303	0.124988988077004	

