precision:	0.1	0.05	0.0333333333333333	0.05	0.06	0.0666666666666667	0.0714285714285714	0.075	0.0666666666666667	0.06	

MAP:	0.0654786835705811

NDCG:	0.1	0.05	0.0380093766715934	0.0479090914859699	0.054208028320282	0.0709904859169425	0.0773149464329503	0.082353391040337	0.0801286244619919	0.0782547392712503	

