precision:	0.2	0.15	0.133333333333333	0.15	0.12	0.133333333333333	0.128571428571429	0.1125	0.111111111111111	0.1	

MAP:	0.112655177329105

NDCG:	0.2	0.15	0.138009376671593	0.153979073833583	0.13995578612454	0.149562649364223	0.148606626649522	0.142138671334267	0.145676561206265	0.141196043062144	

