precision:	0.2	0.2	0.133333333333333	0.1	0.12	0.116666666666667	0.1	0.0875	0.0777777777777778	0.07	

MAP:	0.0805529931581124

NDCG:	0.2	0.2	0.152037506686374	0.12775757729592	0.136493275527179	0.134102564546831	0.124006318829425	0.115963043887482	0.109347956030269	0.10377617367263	

