precision:	0.1	0.05	0.0666666666666667	0.05	0.08	0.0833333333333333	0.0714285714285714	0.0625	0.0666666666666667	0.06	

MAP:	0.0423957612304195

NDCG:	0.1	0.05	0.0619906233284066	0.0520909085140302	0.0699763716604387	0.0790091669904428	0.0746885946977632	0.0729161526850271	0.0815341876804477	0.0803063717462936	

