precision:	0.1	0.05	0.0666666666666667	0.05	0.06	0.0666666666666667	0.0571428571428571	0.05	0.0444444444444444	0.05	

MAP:	0.0358065682197963

NDCG:	0.1	0.05	0.0619906233284066	0.0520909085140302	0.0621617191991549	0.0692083996737714	0.0663019292292849	0.0646323441926343	0.0632592154879397	0.0717173669478059	

