precision:	0.1	0.15	0.133333333333333	0.125	0.1	0.1	0.1	0.0875	0.0777777777777778	0.07	

MAP:	0.074433180368851

NDCG:	0.1	0.15	0.145574617693353	0.143334367812503	0.129816753781723	0.132737109042401	0.134961950317827	0.131216970914964	0.12813696085038	0.12554271779426	

