precision:	0.1	0.2	0.133333333333333	0.125	0.1	0.1	0.1	0.0875	0.0888888888888889	0.08	

MAP:	0.0806761446558553

NDCG:	0.1	0.2	0.16402813001478	0.16178788013393	0.148270266103151	0.151190621363828	0.153415462639254	0.149670483236391	0.153392217486559	0.150797974430439	

