precision:	0	0.1	0.0666666666666667	0.1	0.08	0.0833333333333333	0.0714285714285714	0.075	0.0666666666666667	0.06	

MAP:	0.0816480983856243

NDCG:	0	0.1	0.0880093766715934	0.11387878864796	0.106154437773229	0.114576559985825	0.113765820558592	0.123124893520797	0.123124893520797	0.123124893520797	

