precision:	0	0.05	0.1	0.1	0.1	0.0833333333333333	0.0857142857142857	0.0875	0.0777777777777778	0.08	

MAP:	0.0726127149693824

NDCG:	0	0.05	0.0859718699852197	0.0912471110398771	0.104045240712288	0.0978231287691473	0.106622092791276	0.111086123331135	0.108388937302934	0.114569225869629	

