precision:	0.3	0.15	0.1	0.1	0.08	0.0666666666666667	0.0571428571428571	0.0625	0.0555555555555556	0.05	

MAP:	0.0749468014457768

NDCG:	0.3	0.15	0.11402813001478	0.117857862481543	0.10820242388813	0.101325215198232	0.096085887655098	0.100354036867023	0.0969212151052867	0.0940298044178075	

