precision:	0	0.1	0.166666666666667	0.15	0.14	0.133333333333333	0.114285714285714	0.1	0.0888888888888889	0.08	

MAP:	0.1027876014852

NDCG:	0	0.1	0.155527734335386	0.151698001868623	0.149261240471676	0.158255443676324	0.150371598024655	0.145760438718198	0.141968050150606	0.138773782112099	

