precision:	0.3	0.2	0.166666666666667	0.125	0.12	0.1	0.0857142857142857	0.075	0.0666666666666667	0.06	

MAP:	0.0689141799411827

NDCG:	0.3	0.2	0.176018753343187	0.14790909148597	0.142115828329922	0.128191939165407	0.117584173820967	0.109852442798624	0.103493580224571	0.0981376123115942	

