precision:	0.1	0.2	0.2	0.175	0.2	0.166666666666667	0.142857142857143	0.1375	0.122222222222222	0.12	

MAP:	0.117683796100008

NDCG:	0.1	0.2	0.211990623328407	0.20209090851403	0.219976371660439	0.204507568973226	0.193625410083145	0.193812621055293	0.188055729438676	0.191658877083727	

