precision:	0.1	0.2	0.133333333333333	0.125	0.1	0.1	0.1	0.0875	0.0777777777777778	0.07	

MAP:	0.0728405065908768

NDCG:	0.1	0.2	0.16402813001478	0.16178788013393	0.148270266103151	0.148439737887869	0.148568848146042	0.143154283706527	0.138701144937249	0.134950337606137	

