precision:	0	0	0.0666666666666667	0.05	0.04	0.0666666666666667	0.0714285714285714	0.075	0.0666666666666667	0.06	

MAP:	0.0455651297096213

NDCG:	0	0	0.0479624933136263	0.0441327608468634	0.0416959994499167	0.0638494077560949	0.0713135765746548	0.0807194395014268	0.0796991224938847	0.0788397258502526	

