precision:	0	0.05	0.1	0.1	0.08	0.0833333333333333	0.0714285714285714	0.0875	0.0777777777777778	0.08	

MAP:	0.0693197780554953

NDCG:	0	0.05	0.0859718699852197	0.0912471110398771	0.0825114128086182	0.0860868648160533	0.0805358762630312	0.0904876387210553	0.0859351966752423	0.0890068788340138	

