precision:	0	0	0	0	0	0	0	0.0125	0.0222222222222222	0.02	

MAP:	0.0383452775911723

NDCG:	0	0	0	0	0	0	0	0.00718700645225042	0.0130978673211337	0.0123474904896314	

