precision:	0	0	0	0	0.04	0.05	0.0714285714285714	0.0625	0.0555555555555556	0.05	

MAP:	0.0530982525808389

NDCG:	0	0	0	0	0.0241843999807207	0.0316124818771222	0.0455463944991583	0.0422729721877364	0.0395807881780984	0.0382587300427455	

