precision:	0.1	0.05	0.0666666666666667	0.05	0.08	0.1	0.0857142857142857	0.075	0.0777777777777778	0.08	

MAP:	0.0757112752602572

NDCG:	0.1	0.05	0.0619906233284066	0.0520909085140302	0.0699763716604387	0.0827155197978659	0.0758708864295619	0.0704180409264897	0.0723019888267646	0.0758576477317064	

