precision:	0	0.1	0.1	0.1	0.08	0.0666666666666667	0.0571428571428571	0.0625	0.0666666666666667	0.06	

MAP:	0.069244602133206

NDCG:	0	0.1	0.1	0.1	0.0879078000096396	0.0792949770861511	0.0727333904887496	0.0746930434736331	0.0763047348255048	0.0723187579185105	

