precision:	0	0	0.0333333333333333	0.025	0.04	0.05	0.0428571428571429	0.05	0.0444444444444444	0.04	

MAP:	0.0584582663209115

NDCG:	0	0	0.0239812466568131	0.0201515141900502	0.0298069527834639	0.0366841614733617	0.0336485807707025	0.0384172615518719	0.0359706311899303	0.0339098736942512	

