precision:	0	0	0	0	0.04	0.05	0.0428571428571429	0.05	0.0444444444444444	0.04	

MAP:	0.0349027401949663

NDCG:	0	0	0	0	0.0241843999807207	0.0316124818771222	0.0289965780075724	0.0340995985274868	0.0319279415764904	0.0304843111976746	

