precision:	0	0	0.0333333333333333	0.05	0.04	0.0333333333333333	0.0428571428571429	0.0625	0.0777777777777778	0.08	

MAP:	0.0578537483758322

NDCG:	0	0	0.0239812466568131	0.0361212113520402	0.0317533622364107	0.0286423062648405	0.0345470899477389	0.0464382012686309	0.0562178925853386	0.0604029890691755	

