precision:	0	0.1	0.133333333333333	0.1	0.1	0.1	0.1	0.0875	0.1	0.09	

MAP:	0.0663187936610819

NDCG:	0	0.1	0.123981246656813	0.10418181702806	0.103676143349796	0.103315970854185	0.103041577308544	0.0956359724988785	0.102282469101297	0.0979646927035503	

