precision:	0.2	0.1	0.0666666666666667	0.05	0.04	0.05	0.0428571428571429	0.0375	0.0333333333333333	0.03	

MAP:	0.0819730710770338

NDCG:	0.2	0.1	0.0760187533431869	0.0699487709955733	0.0660865955582079	0.0731332760328243	0.0702268055883378	0.0679113368933422	0.0660070094945421	0.0644030250830227	

