precision:	0.1	0.1	0.0666666666666667	0.075	0.08	0.0833333333333333	0.0714285714285714	0.075	0.0777777777777778	0.07	

MAP:	0.0835195377306559

NDCG:	0.1	0.1	0.0760187533431869	0.0859184681575633	0.0922174049918755	0.0967039027014253	0.0918469845271537	0.0951646786290877	0.0978932734024938	0.0948273803073373	

