precision:	0.1	0.15	0.133333333333333	0.1	0.1	0.0833333333333333	0.0714285714285714	0.075	0.0666666666666667	0.06	

MAP:	0.0702641504260872

NDCG:	0.1	0.15	0.138009376671593	0.11596969716199	0.114038609443307	0.102865603754752	0.0943535694275654	0.0947593787571281	0.088724560975208	0.0852962001872174	

