precision:	0.1	0.05	0.0333333333333333	0.025	0.02	0.05	0.0571428571428571	0.05	0.0666666666666667	0.06	

MAP:	0.0632803997172991

NDCG:	0.1	0.05	0.0380093766715934	0.0319393943239799	0.0280772188866144	0.0449214633118065	0.0494791616858799	0.0459230911429963	0.0557355876108837	0.0529073511492272	

