precision:	0	0	0	0.025	0.04	0.0333333333333333	0.0428571428571429	0.0375	0.0333333333333333	0.04	

MAP:	0.0433607752672239

NDCG:	0	0	0	0.01596969716199	0.0261308094336676	0.023570626668601	0.0298950871846088	0.0277465253397451	0.0259794683296315	0.0307983867981507	

