precision:	0	0	0	0	0.04	0.0333333333333333	0.0428571428571429	0.0375	0.0444444444444444	0.04	

MAP:	0.0429669319709068

NDCG:	0	0	0	0	0.0241843999807207	0.0218149179265466	0.0282846617300228	0.0262518412664889	0.0309485447015077	0.0300855841738587	

