precision:	0.1	0.15	0.1	0.1	0.12	0.1	0.0857142857142857	0.0875	0.1	0.09	

MAP:	0.102548571274857

NDCG:	0.1	0.15	0.11402813001478	0.117857862481543	0.13238682386885	0.123140133124778	0.116095641139328	0.117670582725961	0.125334443581563	0.12121521695993	

