precision:	0.2	0.15	0.133333333333333	0.1	0.08	0.0833333333333333	0.0857142857142857	0.0875	0.1	0.1	

MAP:	0.0783337094908838

NDCG:	0.2	0.15	0.138009376671593	0.11596969716199	0.101946409452947	0.101755708742054	0.101610425454586	0.101494684073256	0.107768064502353	0.109209307167498	

