precision:	0	0	0	0	0.04	0.0333333333333333	0.0571428571428571	0.0625	0.0555555555555556	0.05	

MAP:	0.0481616061947752

NDCG:	0	0	0	0	0.0241843999807207	0.0218149179265466	0.0418238748779404	0.0469780608666569	0.0448484842963294	0.0439648577501881	

