precision:	0	0.1	0.0666666666666667	0.075	0.06	0.0666666666666667	0.0714285714285714	0.075	0.0888888888888889	0.08	

MAP:	0.068885116220801

NDCG:	0	0.1	0.0760187533431869	0.0798484858099498	0.0701930472165361	0.0731134024772138	0.07533824375264	0.0771106857653761	0.0849369783020954	0.0808477706465863	

