precision:	0	0.05	0.0333333333333333	0.025	0.02	0.0166666666666667	0.0428571428571429	0.0375	0.0333333333333333	0.03	

MAP:	0.0237772913485775

NDCG:	0	0.05	0.0380093766715934	0.0319393943239799	0.0280772188866144	0.0253263354106553	0.0397804208849877	0.0369213994692512	0.0345700341376834	0.0325895168484829	

