precision:	0.1	0.05	0.0333333333333333	0.025	0.04	0.0333333333333333	0.0571428571428571	0.0625	0.0555555555555556	0.06	

MAP:	0.0469297621340348

NDCG:	0.1	0.05	0.0380093766715934	0.0319393943239799	0.0401694188769748	0.0362337943739286	0.0581517360935131	0.0731488177235292	0.0717756890188346	0.0763481248406106	

