precision:	0	0.05	0.0666666666666667	0.075	0.06	0.05	0.0714285714285714	0.075	0.0777777777777778	0.08	

MAP:	0.0658752481561004

NDCG:	0	0.05	0.0619906233284066	0.0710955968498269	0.0647966600155147	0.0620457765395555	0.0860353131234961	0.0944174746719626	0.104545850982238	0.108706310296909	

