precision:	0.1	0.05	0.0333333333333333	0.025	0.02	0.0333333333333333	0.0428571428571429	0.05	0.0444444444444444	0.05	

MAP:	0.0751866697900759

NDCG:	0.1	0.05	0.0380093766715934	0.0380093766715934	0.0380093766715934	0.0527134107382344	0.0609883189840274	0.077654985650694	0.077654985650694	0.0890969481453344	

