precision:	0	0.05	0.0666666666666667	0.1	0.12	0.1	0.1	0.1	0.0888888888888889	0.09	

MAP:	0.0781604069577704

NDCG:	0	0.05	0.0739812466568131	0.10209090851403	0.119976371660439	0.113120391896715	0.11617214562867	0.11943814822332	0.115755659545371	0.118382958517243	

