precision:	0	0.05	0.1	0.125	0.12	0.116666666666667	0.114285714285714	0.1125	0.1	0.09	

MAP:	0.0619729095828483

NDCG:	0	0.05	0.0859718699852197	0.107216808201867	0.108642222242286	0.109657491484654	0.119966414557248	0.122230717783442	0.117724394364458	0.113928790456291	

