precision:	0	0	0	0.025	0.02	0.0166666666666667	0.0571428571428571	0.05	0.0555555555555556	0.05	

MAP:	0.0425561600230752

NDCG:	0	0	0	0.0190046883357967	0.0190046883357967	0.0190046883357967	0.0564669977470696	0.0564669977470696	0.0628355681841844	0.0624707127776793	

