precision:	0.1	0.05	0.0666666666666667	0.05	0.04	0.05	0.0571428571428571	0.0625	0.0666666666666667	0.06	

MAP:	0.0503364086576725

NDCG:	0.1	0.05	0.0619906233284066	0.0520909085140302	0.045791971679718	0.0560095080368092	0.0639685597753667	0.0789656414053828	0.0839610831378029	0.0824396634563062	

