precision:	0.1	0.05	0.0666666666666667	0.05	0.06	0.0666666666666667	0.0571428571428571	0.05	0.0444444444444444	0.04	

MAP:	0.0735286406370908

NDCG:	0.1	0.05	0.0619906233284066	0.0520909085140301	0.0641831085043905	0.072795931427879	0.071985192000646	0.071985192000646	0.071985192000646	0.071985192000646	

