precision:	0.1	0.1	0.0666666666666667	0.1	0.08	0.0666666666666667	0.0571428571428571	0.05	0.0555555555555556	0.05	

MAP:	0.0483651138740327

NDCG:	0.1	0.1	0.0760187533431869	0.0988531741457465	0.0891977355523328	0.082320526862435	0.0770811993193013	0.0737420292460002	0.0867690156758973	0.0844558871259139	

