precision:	0.1	0.05	0.0333333333333333	0.05	0.06	0.0666666666666667	0.0571428571428571	0.05	0.0444444444444444	0.04	

MAP:	0.0370472679127289

NDCG:	0.1	0.05	0.0380093766715934	0.0479090914859699	0.054208028320282	0.0600699677678114	0.0562609151021666	0.0532263952701754	0.0507306935270456	0.0486286039943822	

