precision:	0.1	0.05	0.0666666666666667	0.1	0.08	0.0666666666666667	0.0571428571428571	0.05	0.0444444444444444	0.04	

MAP:	0.122121409014999

NDCG:	0.1	0.1	0.123981246656813	0.15209090851403	0.145791971679718	0.141305473970168	0.137887483898647	0.135999300504581	0.134446388396959	0.133138395446453	

