precision:	0	0	0	0	0	0	0	0	0	0.01	

MAP:	0.00655382181043084

NDCG:	0	0	0	0	0	0	0	0	0	0.00699310873981741	

