precision:	0	0.05	0.0333333333333333	0.05	0.04	0.0666666666666667	0.0571428571428571	0.05	0.0444444444444444	0.04	

MAP:	0.0424998199124062

NDCG:	0	0.05	0.0380093766715934	0.0479090914859699	0.0421158283299217	0.0575846310171341	0.0528195556367879	0.0513388794601175	0.0501211164136647	0.0490954141396412	

