precision:	0	0	0.0333333333333333	0.025	0.06	0.05	0.0571428571428571	0.05	0.0555555555555556	0.05	

MAP:	0.0649340728552965

NDCG:	0	0	0.0315464876785729	0.0315464876785729	0.0557308876592936	0.0533614056051195	0.0598311494085957	0.0585173800820572	0.0638054578614058	0.0625305208266523	

