precision:	0	0	0	0.05	0.06	0.05	0.0428571428571429	0.05	0.0444444444444444	0.04	

MAP:	0.0336392630703241

NDCG:	0	0	0	0.0409696971619899	0.0511308094336676	0.0499460684065805	0.0490434861854222	0.0555114415006771	0.0544623575881159	0.0535787310419746	

