precision:	0.1	0.05	0.0666666666666667	0.1	0.1	0.0833333333333333	0.0714285714285714	0.075	0.0666666666666667	0.06	

MAP:	0.056090978825389

NDCG:	0.1	0.05	0.0695558643501663	0.0984602675003394	0.104759204334652	0.100632879120713	0.0974892825948327	0.103006704010433	0.101175865737506	0.0996337800375174	

