precision:	0.2	0.1	0.1	0.075	0.06	0.05	0.0571428571428571	0.05	0.0666666666666667	0.06	

MAP:	0.118459907610405

NDCG:	0.2	0.1	0.111990623328407	0.108160890861644	0.105724129464697	0.103988515231106	0.110941164422631	0.109293055357348	0.121634599478374	0.120128056751754	

