precision:	0.2	0.1	0.1	0.1	0.1	0.0833333333333333	0.0714285714285714	0.0625	0.0555555555555556	0.05	

MAP:	0.13496280510032

NDCG:	0.2	0.15	0.161990623328407	0.16806060567602	0.171922781113386	0.164876100638769	0.159507662837463	0.156784686925072	0.154545210465102	0.1526589353771	

