precision:	0	0	0	0	0.02	0.0166666666666667	0.0428571428571429	0.05	0.0555555555555556	0.05	

MAP:	0.0595085614079186

NDCG:	0	0	0	0	0.0120921999903604	0.0109074589632733	0.0265546932337008	0.041907590573829	0.0471956683531776	0.0459207313184241	

