precision:	0.1	0.05	0.0333333333333333	0.05	0.04	0.0333333333333333	0.0285714285714286	0.025	0.0333333333333333	0.03	

MAP:	0.133677070185487

NDCG:	0.1	0.1	0.1	0.125	0.125	0.125	0.125	0.125	0.140773243839286	0.140773243839286	

