precision:	0.1	0.1	0.1	0.075	0.06	0.05	0.0714285714285714	0.075	0.0777777777777778	0.07	

MAP:	0.0661619575398164

NDCG:	0.1	0.1	0.1	0.0840303028380101	0.0738691905663324	0.0666318093808234	0.0793943036992587	0.0815940310129246	0.0834031684037071	0.079197975702107	

