precision:	0.2	0.15	0.1	0.075	0.08	0.0666666666666667	0.0571428571428571	0.05	0.0444444444444444	0.04	

MAP:	0.13162649578018

NDCG:	0.2	0.15	0.126018753343187	0.119948770995573	0.159154251365547	0.156403367889588	0.154307636872335	0.152638051835684	0.151264923130989	0.150108358855998	

