precision:	0.1	0.1	0.133333333333333	0.125	0.1	0.0833333333333333	0.1	0.0875	0.0888888888888889	0.08	

MAP:	0.116235266422361

NDCG:	0.1	0.1	0.163092975357146	0.163092975357146	0.151000775366785	0.142387952443297	0.154102581253105	0.148875227785738	0.151904498021349	0.14828337652086	

