precision:	0	0	0	0.025	0.04	0.0666666666666667	0.0571428571428571	0.0625	0.0555555555555556	0.05	

MAP:	0.0273754339645258

NDCG:	0	0	0	0.01596969716199	0.0261308094336676	0.044229941564802	0.0414687544077839	0.0559356937607847	0.0541265563700023	0.0526027489748347	

