precision:	0	0.1	0.0666666666666667	0.05	0.04	0.05	0.0571428571428571	0.0625	0.0555555555555556	0.05	

MAP:	0.0704897434340653

NDCG:	0	0.1	0.0760187533431869	0.0638787886479598	0.0561544377732289	0.0604502347718862	0.0910687520209484	0.0959402897782032	0.0935782528111716	0.0915887469746549	

