precision:	0	0.05	0.0666666666666667	0.075	0.06	0.0666666666666667	0.0571428571428571	0.05	0.0444444444444444	0.05	

MAP:	0.0421157735928523

NDCG:	0	0.05	0.0619906233284066	0.0680606056760201	0.0598305811230252	0.0700481174801164	0.0666301274085951	0.0655767365328545	0.0647103887775797	0.070973786704387	

