precision:	0.1	0.05	0.0333333333333333	0.025	0.02	0.0166666666666667	0.0142857142857143	0.0125	0.0111111111111111	0.01	

MAP:	0.107824765290595

NDCG:	0.1	0.1	0.1	0.1	0.1	0.1	0.1	0.1	0.1	0.1	

