precision:	0.2	0.15	0.1	0.1	0.08	0.0666666666666667	0.0571428571428571	0.05	0.0555555555555556	0.06	

MAP:	0.116025875605324

NDCG:	0.2	0.15	0.126018753343187	0.135918468157563	0.130125205001515	0.125998879787576	0.122855283261696	0.122020490743371	0.13710717023031	0.142257888189582	

