precision:	0	0.15	0.1	0.075	0.06	0.0666666666666667	0.0714285714285714	0.0625	0.0555555555555556	0.05	

MAP:	0.0555348500243251

NDCG:	0	0.15	0.126018753343187	0.11387878864796	0.106154437773229	0.110450234771886	0.115449340471563	0.113779755434913	0.112406626730218	0.111250062455226	

