precision:	0.1	0.1	0.0666666666666667	0.05	0.04	0.0333333333333333	0.0428571428571429	0.0375	0.0333333333333333	0.03	

MAP:	0.0741096862146605

NDCG:	0.1	0.1	0.0880093766715934	0.0880093766715934	0.0880093766715934	0.0880093766715934	0.0980106838330106	0.0980106838330106	0.0980106838330106	0.0980106838330106	

