precision:	0.1	0.1	0.1	0.075	0.08	0.0666666666666667	0.0714285714285714	0.075	0.0777777777777778	0.07	

MAP:	0.0795498998638065

NDCG:	0.1	0.1	0.1	0.0840303028380101	0.0859613905566928	0.0775392683440968	0.0811242721955808	0.083199666561794	0.0858664172371911	0.0819399513280564	

