precision:	0	0	0	0	0.04	0.0333333333333333	0.0285714285714286	0.0375	0.0333333333333333	0.04	

MAP:	0.0510224860792209

NDCG:	0	0	0	0	0.03362602789403	0.032441286866943	0.0315387046457846	0.0380066599610395	0.0369575760484783	0.0418029495991047	

