precision:	0.1	0.15	0.133333333333333	0.1	0.1	0.0833333333333333	0.0714285714285714	0.075	0.0777777777777778	0.08	

MAP:	0.122451499645989

NDCG:	0.1	0.2	0.2	0.18403030283801	0.185961390556693	0.177539268344097	0.171122965034164	0.183397070751789	0.186153036024239	0.188474341351508	

