precision:	0.2	0.15	0.133333333333333	0.15	0.12	0.116666666666667	0.114285714285714	0.1	0.0888888888888889	0.08	

MAP:	0.168555705216297

NDCG:	0.2	0.2	0.2	0.225	0.21290780000964	0.215156728031777	0.222134354582293	0.217741793633251	0.214129188468587	0.211086349105593	

