precision:	0.1	0.05	0.0333333333333333	0.075	0.06	0.05	0.0428571428571429	0.0375	0.0444444444444444	0.04	

MAP:	0.129162466736565

NDCG:	0.1	0.1	0.1	0.14096969716199	0.139038609443307	0.137663167705328	0.136615302196701	0.135780509678376	0.141462515763143	0.140519378219142	

