precision:	0.2	0.1	0.1	0.075	0.06	0.0833333333333333	0.0857142857142857	0.075	0.0666666666666667	0.07	

MAP:	0.139510498861987

NDCG:	0.2	0.15	0.161990623328407	0.15209090851403	0.145791971679718	0.160900601871319	0.173671492300733	0.170710139947392	0.168274613854487	0.173216318046257	

