precision:	0	0	0	0.025	0.02	0.0333333333333333	0.0285714285714286	0.0375	0.0333333333333333	0.03	

MAP:	0.0416613873608899

NDCG:	0	0	0	0.01596969716199	0.0140386094433072	0.0513484484287818	0.0503005829201551	0.0621355826256943	0.0614490182733469	0.0608707361358511	

