precision:	0.2	0.1	0.0666666666666667	0.05	0.06	0.05	0.0571428571428571	0.05	0.0444444444444444	0.04	

MAP:	0.138901984301717

NDCG:	0.2	0.1	0.0880093766715934	0.0880093766715934	0.100101576661954	0.0989168356348668	0.133634972124511	0.132915920987515	0.132324546643185	0.131826441522041	

