precision:	0.1	0.1	0.0666666666666667	0.05	0.04	0.0333333333333333	0.0428571428571429	0.0375	0.0333333333333333	0.03	

MAP:	0.0548107903218531

NDCG:	0.1	0.1	0.0760187533431869	0.0699487709955733	0.0660865955582079	0.0633357120822487	0.0712412882264124	0.0695717031897619	0.0681985744850672	0.0670420102100755	

