precision:	0.2	0.1	0.1	0.1	0.08	0.0833333333333333	0.0714285714285714	0.0625	0.0555555555555556	0.05	

MAP:	0.0671937024861952

NDCG:	0.2	0.1	0.1	0.10903030283801	0.0988691905663324	0.101429373331399	0.0951049128153912	0.0934353277787407	0.092062199074046	0.0909056347990543	

