precision:	0.3	0.2	0.133333333333333	0.1	0.08	0.0666666666666667	0.0714285714285714	0.0625	0.0555555555555556	0.06	

MAP:	0.234166399772975

NDCG:	0.3	0.25	0.226018753343187	0.219948770995573	0.216086595558208	0.213335712082249	0.219514889310788	0.217250586084595	0.215388339066463	0.220812907024185	

