precision:	0.2	0.15	0.1	0.075	0.08	0.0833333333333333	0.0857142857142857	0.0875	0.0777777777777778	0.07	

MAP:	0.115365460296445

NDCG:	0.2	0.15	0.126018753343187	0.119948770995573	0.128178795548568	0.143585811407249	0.158397857524238	0.165368294312797	0.163403791263773	0.161749121867637	

