precision:	0.1	0.15	0.133333333333333	0.1	0.08	0.0666666666666667	0.0714285714285714	0.075	0.0777777777777778	0.08	

MAP:	0.132124117405717

NDCG:	0.1	0.2	0.2	0.18403030283801	0.173869190566332	0.166631809380823	0.169392996537842	0.181667102255467	0.184423067527917	0.186744372855186	

