precision:	0.3	0.15	0.133333333333333	0.125	0.1	0.0833333333333333	0.0714285714285714	0.0625	0.0555555555555556	0.05	

MAP:	0.203959509213827

NDCG:	0.3	0.2	0.211990623328407	0.224130588023634	0.219762738908004	0.216651682936434	0.214281558373539	0.212393374979474	0.210840462871851	0.209532469921345	

