precision:	0.1	0.1	0.1	0.075	0.08	0.0666666666666667	0.0714285714285714	0.0625	0.0555555555555556	0.06	

MAP:	0.0942554350458917

NDCG:	0.1	0.15	0.161990623328407	0.15209090851403	0.167325799583388	0.162839301873838	0.177231671157718	0.174508695245327	0.172269218785357	0.176111943794123	

