precision:	0	0.1	0.0666666666666667	0.05	0.04	0.05	0.0714285714285714	0.075	0.0777777777777778	0.07	

MAP:	0.0718231451691748

NDCG:	0	0.1	0.0880093766715934	0.0819393943239799	0.0780772188866145	0.0851238993612309	0.100493644323954	0.117160310990621	0.124488750743244	0.124488750743244	

