precision:	0.2	0.1	0.1	0.075	0.06	0.0666666666666667	0.0571428571428571	0.05	0.0444444444444444	0.04	

MAP:	0.0466024020523853

NDCG:	0.2	0.1	0.1	0.0840303028380101	0.0738691905663324	0.076429373331399	0.0701049128153912	0.0684353277787407	0.067062199074046	0.0659056347990543	

