precision:	0.1	0.1	0.133333333333333	0.125	0.1	0.1	0.1	0.0875	0.0888888888888889	0.08	

MAP:	0.119499745430874

NDCG:	0.1	0.1	0.163092975357146	0.163092975357146	0.151000775366785	0.153249703388922	0.154963025037314	0.149735671569947	0.152764941805558	0.149143820305069	

