precision:	0	0.05	0.0333333333333333	0.025	0.04	0.0333333333333333	0.0285714285714286	0.025	0.0333333333333333	0.03	

MAP:	0.0406349845863353

NDCG:	0	0.05	0.05	0.05	0.0620921999903604	0.0609074589632733	0.0600048767421149	0.0592858256051194	0.0675518276573415	0.0670537225361975	

