precision:	0.1	0.1	0.133333333333333	0.1	0.08	0.0666666666666667	0.0714285714285714	0.075	0.0888888888888889	0.09	

MAP:	0.0947750981611353

NDCG:	0.1	0.1	0.163092975357146	0.147123278195156	0.136962165923478	0.129724784737969	0.132485971894987	0.144760077612612	0.157333288597122	0.160019449330897	

