precision:	0.2	0.15	0.1	0.075	0.06	0.05	0.0428571428571429	0.0375	0.0333333333333333	0.03	

MAP:	0.145725806030876

NDCG:	0.2	0.2	0.176018753343187	0.16387878864796	0.156154437773229	0.15340355429727	0.151307823280016	0.149638238243366	0.148265109538671	0.147108545263679	

