precision:	0	0.05	0.0666666666666667	0.075	0.08	0.0666666666666667	0.0571428571428571	0.05	0.0555555555555556	0.06	

MAP:	0.0382320701322832

NDCG:	0	0.05	0.0619906233284066	0.0680606056760201	0.0719227811133856	0.0660608416658562	0.0615949860857081	0.0580372176549918	0.0708844206819613	0.0741488635532314	

