precision:	0.1	0.1	0.1	0.1	0.1	0.0833333333333333	0.0714285714285714	0.0625	0.0666666666666667	0.07	

MAP:	0.0675255132301699

NDCG:	0.1	0.1	0.1	0.1	0.1	0.0929533195253836	0.0875848817240771	0.0833080621563653	0.0861592174368335	0.0885606997804545	

