precision:	0.1	0.15	0.133333333333333	0.1	0.14	0.15	0.128571428571429	0.125	0.122222222222222	0.11	

MAP:	0.188995799899826

NDCG:	0.1	0.2	0.211990623328407	0.20209090851403	0.241510199564108	0.255434088728623	0.249492037581477	0.253555168888941	0.257856708204329	0.255307198535138	

