precision:	0	0.05	0.0333333333333333	0.075	0.06	0.1	0.1	0.1	0.111111111111111	0.1	

MAP:	0.0632447350984561

NDCG:	0	0.05	0.0380093766715934	0.0729090914859698	0.0671158283299217	0.0923821949677097	0.0950812884059234	0.100141735023158	0.111632073904106	0.109408574662052	

