precision:	0	0	0.0333333333333333	0.025	0.04	0.05	0.0428571428571429	0.0375	0.0444444444444444	0.05	

MAP:	0.0443147734217619

NDCG:	0	0	0.0315464876785729	0.0315464876785729	0.0530803155822425	0.0628778795328181	0.0620671401055851	0.06142125644724	0.0682184975057571	0.0747641861090468	

