precision:	0	0	0.0666666666666667	0.075	0.06	0.05	0.0714285714285714	0.0625	0.0666666666666667	0.06	

MAP:	0.0357932656076693

NDCG:	0	0	0.0479624933136263	0.0562727255420904	0.0494681150295143	0.0446214448243533	0.059205276614401	0.0556689841550518	0.0591291764158329	0.0563146407387075	

