precision:	0	0	0	0	0.02	0.0166666666666667	0.0142857142857143	0.0125	0.0222222222222222	0.02	

MAP:	0.0489354884407393

NDCG:	0	0	0	0	0.0430676558073393	0.0430676558073393	0.0430676558073393	0.0430676558073393	0.0494362262444541	0.0490713708379491	

