precision:	0.1	0.05	0.0666666666666667	0.1	0.1	0.0833333333333333	0.0714285714285714	0.0625	0.0555555555555556	0.05	

MAP:	0.0655460661038782

NDCG:	0.1	0.05	0.0619906233284066	0.0901002851856236	0.0958935483416718	0.0902223096050349	0.0859017373123552	0.0832945027812939	0.081150216329342	0.0793441182576921	

