precision:	0	0	0.0333333333333333	0.05	0.06	0.05	0.0428571428571429	0.0375	0.0333333333333333	0.03	

MAP:	0.0206215550143917

NDCG:	0	0	0.0239812466568131	0.0361212113520402	0.0457766499454538	0.0428562946847761	0.0406314534093499	0.0399124022723544	0.0393210279280247	0.0388229228068807	

