precision:	0	0	0.0333333333333333	0.025	0.02	0.0166666666666667	0.0285714285714286	0.025	0.0222222222222222	0.02	

MAP:	0.0296993490854342

NDCG:	0	0	0.0239812466568131	0.0201515141900502	0.0201515141900502	0.0201515141900502	0.0284264224358432	0.0278317042463002	0.0273425859328637	0.0269306094257592	

