precision:	0	0.05	0.0666666666666667	0.05	0.04	0.05	0.0428571428571429	0.0375	0.0333333333333333	0.03	

MAP:	0.0794744389370234

NDCG:	0	0.1	0.123981246656813	0.12015151419005	0.117714752793104	0.13532177892124	0.133999519866972	0.132946128991232	0.132079781235957	0.131350070422947	

