precision:	0.2	0.15	0.133333333333333	0.1	0.08	0.0666666666666667	0.0571428571428571	0.05	0.0444444444444444	0.05	

MAP:	0.0721159644811662

NDCG:	0.2	0.15	0.145574617693353	0.127364670650513	0.115778144338416	0.107525493910539	0.101238300858778	0.101238300858778	0.101238300858778	0.106967300955546	

