precision:	0.2	0.15	0.133333333333333	0.1	0.08	0.0666666666666667	0.0571428571428571	0.05	0.0444444444444444	0.04	

MAP:	0.17068520432601

NDCG:	0.2	0.25	0.261990623328407	0.25209090851403	0.245791971679718	0.241305473970168	0.237887483898647	0.236217898861996	0.234844770157302	0.23368820588231	

