precision:	0.1	0.05	0.0333333333333333	0.05	0.06	0.05	0.0571428571428571	0.05	0.0444444444444444	0.04	

MAP:	0.116639461048781

NDCG:	0.1	0.1	0.1	0.11596969716199	0.126130809433668	0.123570626668601	0.129895087184609	0.129176036047613	0.128584661703284	0.12808655658214	

