precision:	0	0	0.0333333333333333	0.025	0.02	0.0166666666666667	0.0285714285714286	0.025	0.0444444444444444	0.06	

MAP:	0.0538142682385158

NDCG:	0	0	0.0239812466568131	0.0201515141900502	0.0177147527931035	0.0159791385595128	0.0229317877510379	0.0218783968752974	0.0347090593097598	0.0463366019268298	

