precision:	0	0.05	0.0333333333333333	0.025	0.02	0.0166666666666667	0.0142857142857143	0.0125	0.0222222222222222	0.02	

MAP:	0.0857858872117113

NDCG:	0	0.1	0.1	0.1	0.1	0.1	0.1	0.1	0.110075757095025	0.110075757095025	

