precision:	0	0.05	0.0666666666666667	0.075	0.06	0.05	0.0428571428571429	0.0375	0.0333333333333333	0.03	

MAP:	0.0248294876648376

NDCG:	0	0.05	0.0619906233284066	0.0680606056760201	0.0622673425199719	0.0581410173060332	0.054997420780153	0.0533278357435024	0.0519547070388078	0.0507981427638161	

