precision:	0.1	0.15	0.133333333333333	0.125	0.14	0.133333333333333	0.128571428571429	0.1125	0.1	0.1	

MAP:	0.108885870971162

NDCG:	0.1	0.15	0.138009376671593	0.138009376671593	0.156042472615071	0.157227213642158	0.158129795863316	0.156649119686646	0.155431356640193	0.160134654462937	

