precision:	0.2	0.1	0.0666666666666667	0.075	0.06	0.0666666666666667	0.0571428571428571	0.05	0.0444444444444444	0.04	

MAP:	0.0605394252731055

NDCG:	0.2	0.1	0.0760187533431869	0.0859184681575633	0.0801252050015151	0.085796443738152	0.0818421077850387	0.0795266390900431	0.077622311691243	0.0760183272797236	

