precision:	0	0.1	0.0666666666666667	0.05	0.04	0.0333333333333333	0.0428571428571429	0.0625	0.0666666666666667	0.06	

MAP:	0.0913542491243777

NDCG:	0	0.15	0.138009376671593	0.13193939432398	0.128077218886614	0.125326335410655	0.134607646203481	0.160251192608157	0.168953820998487	0.167797256723495	

