precision:	0	0.05	0.1	0.1	0.08	0.0833333333333333	0.0857142857142857	0.075	0.0666666666666667	0.06	

MAP:	0.106562383101212

NDCG:	0	0.1	0.187074222013959	0.199214186709186	0.194846337593556	0.201532845572562	0.206626889828227	0.204927615294142	0.203530068844761	0.202352937895223	

