precision:	0.2	0.25	0.2	0.225	0.24	0.216666666666667	0.185714285714286	0.1625	0.155555555555556	0.15	

MAP:	0.267173792458567

NDCG:	0.2	0.3	0.327121105371926	0.362890232162669	0.391590114056088	0.390574844813719	0.381526464604941	0.38004578842827	0.394601269221104	0.400568675686898	

