precision:	0.1	0.05	0.0666666666666667	0.075	0.06	0.05	0.0714285714285714	0.0625	0.0555555555555556	0.05	

MAP:	0.0981972771920093

NDCG:	0.1	0.05	0.0619906233284066	0.0770909085140302	0.070791971679718	0.0663054739701681	0.0889727514998409	0.0873246424345574	0.0859691763658459	0.0848274890457315	

