precision:	0.2	0.15	0.1	0.1	0.14	0.15	0.142857142857143	0.125	0.122222222222222	0.11	

MAP:	0.188862893613632

NDCG:	0.2	0.15	0.126018753343187	0.12984848580995	0.196886730917905	0.210978189507099	0.212300448561367	0.211581397424371	0.217358593517156	0.216495632989507	

