precision:	0.2	0.15	0.2	0.225	0.2	0.2	0.185714285714286	0.1625	0.166666666666667	0.15	

MAP:	0.229182835912564

NDCG:	0.2	0.2	0.287074222013959	0.319013616337939	0.315151440900573	0.329662871896282	0.33791333141587	0.336359487760549	0.358183232655781	0.357106845397141	

