precision:	0.2	0.1	0.1	0.175	0.16	0.133333333333333	0.114285714285714	0.125	0.122222222222222	0.11	

MAP:	0.16611075275584

NDCG:	0.2	0.1	0.1	0.21596969716199	0.214038609443307	0.202865603754752	0.194353569427565	0.21146798951748	0.217747345357542	0.2168637188114	

