precision:	0.1	0.15	0.133333333333333	0.1	0.1	0.1	0.0857142857142857	0.075	0.0666666666666667	0.06	

MAP:	0.109524575688672

NDCG:	0.1	0.15	0.177121105371926	0.158911158329085	0.159416832007349	0.159777004502961	0.151776489802809	0.147718268592512	0.144380636838793	0.141569403167666	

