precision:	0.1	0.15	0.1	0.1	0.1	0.1	0.0857142857142857	0.075	0.0666666666666667	0.06	

MAP:	0.0996903739872214

NDCG:	0.1	0.15	0.11402813001478	0.14581818297194	0.146323856650204	0.146684029145815	0.138683514445663	0.134625293235366	0.131287661481647	0.12847642781052	

