precision:	0	0.1	0.1	0.075	0.08	0.0666666666666667	0.0571428571428571	0.05	0.0444444444444444	0.04	

MAP:	0.0787421190231479

NDCG:	0	0.1	0.1	0.0840303028380101	0.0859613905566928	0.0775392683440968	0.0711229650341636	0.0660113529481265	0.0618073734391326	0.0582664289549951	

