precision:	0.3	0.15	0.133333333333333	0.1	0.08	0.0666666666666667	0.0571428571428571	0.0625	0.0555555555555556	0.06	

MAP:	0.125446775422065

NDCG:	0.3	0.15	0.177121105371926	0.158911158329085	0.147324632016989	0.139071981589112	0.132784788537351	0.146112285130717	0.143366027721327	0.146781899268112	

