precision:	0.1	0.15	0.133333333333333	0.125	0.1	0.0833333333333333	0.0857142857142857	0.0875	0.0888888888888889	0.08	

MAP:	0.131138727007096

NDCG:	0.1	0.15	0.177121105371926	0.174880855491075	0.161363241460296	0.151735149294439	0.152674998979845	0.163498118018235	0.166020607304426	0.161972632341955	

