precision:	0	0	0.0666666666666667	0.05	0.04	0.05	0.0571428571428571	0.05	0.0555555555555556	0.05	

MAP:	0.091604177831451

NDCG:	0	0	0.0870742220139589	0.083244489547196	0.0808077281502493	0.0888696778672342	0.0950115876315263	0.0939581967557857	0.108865092839797	0.108135382026787	

