precision:	0.2	0.2	0.133333333333333	0.1	0.08	0.0833333333333333	0.0714285714285714	0.0625	0.0555555555555556	0.07	

MAP:	0.102627698820065

NDCG:	0.2	0.2	0.152037506686374	0.12775757729592	0.112308875546458	0.120647982004348	0.112265057935334	0.108925887862033	0.106179630452644	0.116588610739246	

