precision:	0.1	0.15	0.133333333333333	0.1	0.1	0.1	0.0857142857142857	0.0875	0.0777777777777778	0.07	

MAP:	0.11321055823705

NDCG:	0.1	0.15	0.177121105371926	0.158911158329085	0.159416832007349	0.159777004502961	0.151776489802809	0.164384935259179	0.16104730350546	0.158236069834332	

