precision:	0	0.05	0.0333333333333333	0.05	0.04	0.0333333333333333	0.0714285714285714	0.075	0.0777777777777778	0.09	

MAP:	0.121727425566353

NDCG:	0	0.05	0.05	0.1	0.1	0.1	0.124824724737379	0.14030195502496	0.146652158150709	0.164263276370958	

