precision:	0.2	0.3	0.333333333333333	0.25	0.24	0.216666666666667	0.185714285714286	0.1625	0.144444444444444	0.13	

MAP:	0.246535387009422

NDCG:	0.2	0.35	0.444639463035719	0.418770051059352	0.433208710860106	0.431833269122127	0.422510495367707	0.419475975535716	0.416980273792586	0.414878184259923	

