precision:	0.1	0.4	0.333333333333333	0.275	0.32	0.266666666666667	0.242857142857143	0.2125	0.2	0.18	

MAP:	0.28801888873173

NDCG:	0.1	0.45	0.465130482043519	0.446920535000679	0.502947507953815	0.486463436024235	0.482180131195802	0.477527191795963	0.48102888148143	0.477805671303198	

