precision:	0.1	0.05	0.0666666666666667	0.05	0.08	0.0666666666666667	0.0571428571428571	0.05	0.0555555555555556	0.05	

MAP:	0.0759568834485596

NDCG:	0.1	0.05	0.0619906233284066	0.0520909085140302	0.0699763716604387	0.0631203918967148	0.0578972373828767	0.0561247953701407	0.0610356437076509	0.0594429723669918	

