precision:	0	0.05	0.0333333333333333	0.125	0.1	0.1	0.0857142857142857	0.1	0.0888888888888889	0.09	

MAP:	0.0660304916344196

NDCG:	0	0.05	0.0380093766715934	0.101888165319553	0.0941638144448223	0.103366081559545	0.100222485033665	0.124578639625886	0.123205510921191	0.131663662381057	

