precision:	0.4	0.2	0.166666666666667	0.15	0.12	0.116666666666667	0.114285714285714	0.1125	0.111111111111111	0.11	

MAP:	0.114515995493073

NDCG:	0.4	0.2	0.176018753343187	0.16387878864796	0.147924413220234	0.149109154247321	0.15075825091907	0.152072020245609	0.153152512903375	0.154062594531623	

