precision:	0	0.1	0.0666666666666667	0.05	0.06	0.05	0.0428571428571429	0.0375	0.0444444444444444	0.05	

MAP:	0.0739180955376375

NDCG:	0	0.1	0.0760187533431869	0.0638787886479598	0.0725241852926659	0.0670224183407476	0.0628309563062406	0.0594917862329395	0.0644872279653596	0.0744077707785033	

