precision:	0	0	0.0666666666666667	0.075	0.06	0.05	0.0428571428571429	0.05	0.0444444444444444	0.04	

MAP:	0.0455144416573968

NDCG:	0	0	0.0479624933136263	0.0562727255420904	0.0494681150295143	0.0446214448243533	0.040929061207191	0.045174493389635	0.0431638717137813	0.0414703573382782	

