precision:	0.3	0.3	0.2	0.175	0.14	0.116666666666667	0.114285714285714	0.1	0.0888888888888889	0.08	

MAP:	0.109684203033029

NDCG:	0.3	0.3	0.228056260029561	0.213676045453483	0.196296255985338	0.186668163819481	0.197143464614495	0.191299916986218	0.186493966519787	0.182445991557316	

