precision:	0.2	0.15	0.133333333333333	0.1	0.08	0.0666666666666667	0.0714285714285714	0.0625	0.0555555555555556	0.05	

MAP:	0.0980580799080276

NDCG:	0.2	0.15	0.15	0.140100285185624	0.133801348351311	0.132065734117721	0.142120516873532	0.141067125997791	0.140200778242516	0.139471067429506	

