precision:	0.1	0.05	0.0333333333333333	0.05	0.06	0.05	0.0428571428571429	0.0375	0.0333333333333333	0.03	

MAP:	0.0751348500386144

NDCG:	0.1	0.05	0.0380093766715934	0.0479090914859699	0.054208028320282	0.0488969620792563	0.0448507833322177	0.0432969396768969	0.0420190009802199	0.04094261372158	

