precision:	0	0.05	0.0666666666666667	0.075	0.06	0.05	0.0428571428571429	0.0375	0.0333333333333333	0.03	

MAP:	0.0804175565660369

NDCG:	0	0.05	0.0739812466568131	0.0951515141900502	0.0927147527931035	0.0909791385595128	0.089656879505245	0.0886034886295045	0.0877371408742296	0.0870074300612196	

