precision:	0.1	0.05	0.0333333333333333	0.025	0.02	0.0333333333333333	0.0428571428571429	0.05	0.0444444444444444	0.04	

MAP:	0.0478825519542554

NDCG:	0.1	0.05	0.0380093766715934	0.0319393943239799	0.0280772188866144	0.0351238993612309	0.0500277882721455	0.0548993260294003	0.0539104177670633	0.0530774762055384	

