precision:	0	0	0	0	0	0	0	0	0.0111111111111111	0.01	

MAP:	0.0615306114294038

NDCG:	0	0	0	0	0	0	0	0	0.0119906233284066	0.0119906233284066	

