precision:	0.1	0.05	0.0666666666666667	0.075	0.06	0.0666666666666667	0.0571428571428571	0.0625	0.0555555555555556	0.05	

MAP:	0.0816431675097069

NDCG:	0.1	0.05	0.0619906233284066	0.0741305880236336	0.0721995003049509	0.0855280926336123	0.0844802271249856	0.100312101273327	0.100312101273327	0.100312101273327	

