precision:	0.1	0.1	0.0666666666666667	0.05	0.06	0.05	0.0428571428571429	0.05	0.0444444444444444	0.04	

MAP:	0.0694234084524154

NDCG:	0.1	0.1	0.0760187533431869	0.0638787886479598	0.0682466377635893	0.0643110132605431	0.0613127000221312	0.0661110703007356	0.0636888576834797	0.0616486668623467	

