precision:	0	0.1	0.0666666666666667	0.05	0.06	0.05	0.0428571428571429	0.0375	0.0333333333333333	0.03	

MAP:	0.0425814733650056

NDCG:	0	0.1	0.0760187533431869	0.0638787886479598	0.0682466377635893	0.0615601297845839	0.0585618165461721	0.056173180372526	0.0542086773235017	0.0525540079273659	

