precision:	0	0	0.0666666666666667	0.05	0.04	0.0333333333333333	0.0285714285714286	0.025	0.0222222222222222	0.02	

MAP:	0.036921683027397

NDCG:	0	0	0.0479624933136263	0.0441327608468634	0.0441327608468634	0.0441327608468634	0.0441327608468634	0.0441327608468634	0.0441327608468634	0.0441327608468634	

