precision:	0.1	0.15	0.133333333333333	0.125	0.14	0.116666666666667	0.114285714285714	0.1	0.1	0.1	

MAP:	0.086385011186341

NDCG:	0.1	0.15	0.138009376671593	0.13193939432398	0.140169418876975	0.126436230423353	0.124248656612174	0.115318897644623	0.114343302857935	0.115097551496165	

