precision:	0.2	0.1	0.1	0.075	0.08	0.0666666666666667	0.0571428571428571	0.05	0.0444444444444444	0.05	

MAP:	0.0576359672511744

NDCG:	0.2	0.1	0.1	0.0901002851856236	0.0958935483416718	0.0902223096050349	0.0859017373123552	0.0824597102629686	0.0796288594586694	0.0829734793462913	

