precision:	0	0.05	0.133333333333333	0.1	0.1	0.1	0.0857142857142857	0.1125	0.111111111111111	0.11	

MAP:	0.0803967789787997

NDCG:	0	0.05	0.109953116642033	0.0923939368941306	0.0933136772562854	0.0939687740030427	0.0861929441745944	0.101559271072133	0.101459967795599	0.102918312595219	

