precision:	0.3	0.15	0.133333333333333	0.15	0.14	0.116666666666667	0.1	0.0875	0.1	0.09	

MAP:	0.0952910890498147

NDCG:	0.3	0.15	0.138009376671593	0.14790909148597	0.142115828329922	0.128191939165407	0.117584173820967	0.109133391661629	0.114920295617475	0.110569463303976	

