precision:	0.2	0.2	0.166666666666667	0.175	0.16	0.15	0.142857142857143	0.125	0.111111111111111	0.12	

MAP:	0.0876053005283709

NDCG:	0.2	0.2	0.176018753343187	0.17984848580995	0.170193047216536	0.168222308642704	0.169058025428928	0.158937658232939	0.150614292609861	0.158142356780801	

