precision:	0	0	0	0	0	0	0	0	0	0.01	

MAP:	0.0268893095843637

NDCG:	0	0	0	0	0	0	0	0	0	0.0084520850796942	

