precision:	0.2	0.15	0.133333333333333	0.15	0.12	0.1	0.1	0.1	0.1	0.1	

MAP:	0.109269035838118

NDCG:	0.2	0.15	0.138009376671593	0.15701406500739	0.14492186501703	0.1390599255695	0.142868978235145	0.145903498067136	0.148399199810266	0.152236135755417	

