precision:	0.1	0.15	0.1	0.075	0.08	0.116666666666667	0.1	0.0875	0.0777777777777778	0.07	

MAP:	0.0868363023940188

NDCG:	0.1	0.15	0.11402813001478	0.101888165319553	0.106256014435183	0.14616462831108	0.144451306662689	0.143086371867348	0.141963798828913	0.141018273571241	

