precision:	0.3	0.15	0.1	0.075	0.1	0.0833333333333333	0.0857142857142857	0.0875	0.0777777777777778	0.07	

MAP:	0.094477038673964

NDCG:	0.3	0.15	0.11402813001478	0.101888165319553	0.118348214425543	0.110476965419451	0.11275524718842	0.115289314240831	0.111004854605444	0.107396123002215	

