precision:	0.1	0.05	0.0666666666666667	0.075	0.08	0.1	0.114285714285714	0.1	0.1	0.11	

MAP:	0.0685809431864044

NDCG:	0.1	0.05	0.0619906233284066	0.0680606056760201	0.0719227811133856	0.0855354155349702	0.101170359700141	0.0956529382845414	0.0974837765574676	0.108640577992314	

