precision:	0.1	0.05	0.0333333333333333	0.075	0.08	0.0833333333333333	0.0857142857142857	0.075	0.0666666666666667	0.06	

MAP:	0.0460964274535668

NDCG:	0.1	0.05	0.0380093766715934	0.0669137798217666	0.0732127166560788	0.0788839553927156	0.0863066612496812	0.0831564000363603	0.0805655082852128	0.0783832417361976	

