precision:	0	0	0	0	0	0	0.0142857142857143	0.025	0.0222222222222222	0.02	

MAP:	0.0343924081126117

NDCG:	0	0	0	0	0	0	0.0135392131479176	0.0302058798145842	0.0302058798145842	0.0302058798145842	

