precision:	0.2	0.1	0.0666666666666667	0.05	0.06	0.05	0.0571428571428571	0.05	0.0444444444444444	0.04	

MAP:	0.0905185762714733

NDCG:	0.2	0.1	0.0880093766715934	0.0819393943239799	0.121144874693954	0.118393991217995	0.124573168446534	0.122308865220341	0.120446618202209	0.118878077420113	

