precision:	0.2	0.1	0.0666666666666667	0.05	0.04	0.0333333333333333	0.0285714285714286	0.0375	0.0333333333333333	0.03	

MAP:	0.116954359772381

NDCG:	0.2	0.1	0.1	0.1	0.1	0.1	0.1	0.10718700645225	0.106729296884019	0.106343775459022	

