precision:	0.2	0.2	0.133333333333333	0.15	0.14	0.116666666666667	0.114285714285714	0.1125	0.122222222222222	0.11	

MAP:	0.197258308256466

NDCG:	0.2	0.25	0.21402813001478	0.23678788013393	0.239640013622588	0.230011921456731	0.230951771142136	0.23229522996611	0.240728580121184	0.235930228327211	

