precision:	0.1	0.05	0.0333333333333333	0.025	0.04	0.0333333333333333	0.0285714285714286	0.025	0.0222222222222222	0.02	

MAP:	0.041821676771858

NDCG:	0.1	0.05	0.0380093766715934	0.0380093766715934	0.0501015766619538	0.0489168356348667	0.0480142534137084	0.0472952022767129	0.0467038279323832	0.0462057228112391	

