precision:	0.2	0.2	0.133333333333333	0.1	0.1	0.0833333333333333	0.0714285714285714	0.0625	0.0555555555555556	0.05	

MAP:	0.165483877713749

NDCG:	0.2	0.25	0.226018753343187	0.219948770995573	0.228178795548568	0.224243171045522	0.22124485780711	0.220525806670115	0.219934432325785	0.219436327204641	

