precision:	0.1	0.1	0.0666666666666667	0.075	0.06	0.05	0.0571428571428571	0.05	0.0444444444444444	0.04	

MAP:	0.049348096479248

NDCG:	0.1	0.1	0.0760187533431869	0.0798484858099498	0.0701930472165361	0.0633158385266383	0.0663514192292975	0.0621774566376711	0.0587446348759344	0.0558532241884552	

