precision:	0	0.05	0.0333333333333333	0.025	0.02	0.0166666666666667	0.0142857142857143	0.0375	0.0444444444444444	0.04	

MAP:	0.0390696826058613

NDCG:	0	0.05	0.0380093766715934	0.0319393943239799	0.0280772188866144	0.0253263354106553	0.0232306043934018	0.0454146924756684	0.0593570980420286	0.0578150123420397	

