precision:	0.2	0.1	0.1	0.075	0.06	0.05	0.0428571428571429	0.0375	0.0333333333333333	0.03	

MAP:	0.0890683517499238

NDCG:	0.2	0.1	0.119555864350166	0.113485882002553	0.109623706565187	0.106872823089228	0.104777092071975	0.104777092071975	0.104777092071975	0.104777092071975	

