precision:	0	0	0.0333333333333333	0.025	0.02	0.0333333333333333	0.0285714285714286	0.025	0.0222222222222222	0.02	

MAP:	0.0415373170574935

NDCG:	0	0	0.0239812466568131	0.0201515141900502	0.0177147527931035	0.0353217789212399	0.0339995198669721	0.0329461289912316	0.0320797812359567	0.0313500704229466	

