precision:	0.2	0.1	0.0666666666666667	0.05	0.06	0.0666666666666667	0.0714285714285714	0.0625	0.0555555555555556	0.05	

MAP:	0.125411664012544

NDCG:	0.2	0.1	0.1	0.1	0.11209219999036	0.120705022913849	0.132530914413375	0.131165979618035	0.130043406579599	0.129097881321928	

