precision:	0	0.05	0.1	0.1	0.1	0.0833333333333333	0.0714285714285714	0.075	0.0666666666666667	0.06	

MAP:	0.072197459577766

NDCG:	0	0.05	0.125083598685552	0.131153581033166	0.135015756470531	0.127969075995915	0.122600638194608	0.125510825079147	0.121535700354269	0.11818751658263	

