precision:	0.1	0.1	0.1	0.075	0.08	0.0666666666666667	0.0857142857142857	0.0875	0.1	0.09	

MAP:	0.0853429145195902

NDCG:	0.1	0.1	0.1	0.0840303028380101	0.0859613905566928	0.0787240093711838	0.0897601047739949	0.0919598320876607	0.101097409231066	0.0968922165294656	

