precision:	0	0.05	0.0333333333333333	0.075	0.06	0.0666666666666667	0.0714285714285714	0.0625	0.0555555555555556	0.05	

MAP:	0.0489972137483162

NDCG:	0	0.05	0.05	0.0819393943239799	0.0780772188866145	0.0851238993612309	0.0904923371625373	0.089011660985867	0.0877938979394142	0.0867681956653906	

