precision:	0	0	0.0333333333333333	0.05	0.04	0.0333333333333333	0.0285714285714286	0.025	0.0222222222222222	0.02	

MAP:	0.0360778435379512

NDCG:	0	0	0.0239812466568131	0.0399509438188031	0.0380198561001204	0.0366444143621408	0.0355965488535141	0.0347617563351888	0.0340751919828414	0.0334969098453456	

