precision:	0.1	0.05	0.1	0.075	0.06	0.05	0.0428571428571429	0.0375	0.0444444444444444	0.04	

MAP:	0.0873502332133812

NDCG:	0.1	0.05	0.105527734335386	0.101698001868623	0.0992612404716764	0.0975256262380857	0.0962033671838179	0.0962033671838179	0.108193990512224	0.108193990512224	

