precision:	0	0	0.0666666666666667	0.05	0.06	0.0666666666666667	0.0571428571428571	0.05	0.0555555555555556	0.08	

MAP:	0.0866999672756286

NDCG:	0	0	0.055527734335386	0.0516980018686231	0.0613534404620368	0.0682306491519346	0.0651950684492754	0.0645491847909303	0.0713464258494474	0.0893501146462724	

