precision:	0	0.05	0.0666666666666667	0.05	0.04	0.05	0.0571428571428571	0.0625	0.0555555555555556	0.05	

MAP:	0.0421719929584787

NDCG:	0	0.05	0.0619906233284066	0.0520909085140301	0.045791971679718	0.0511030379207437	0.0551492166677823	0.0583726453597537	0.0546551423240105	0.0515239491673795	

