precision:	0.1	0.1	0.166666666666667	0.125	0.12	0.1	0.0857142857142857	0.0875	0.0777777777777778	0.08	

MAP:	0.122084869384055

NDCG:	0.1	0.1	0.194639463035719	0.178669765873729	0.190042481505721	0.182805100320212	0.177291379231437	0.180642353080196	0.177029747915532	0.180980017292356	

