precision:	0	0.1	0.1	0.075	0.08	0.0666666666666667	0.0571428571428571	0.05	0.0555555555555556	0.05	

MAP:	0.0466725829937354

NDCG:	0	0.1	0.1	0.0840303028380101	0.0859613905566928	0.0775392683440968	0.0711229650341636	0.067680937984777	0.0712186576175926	0.0684694220019418	

