precision:	0.1	0.05	0.0333333333333333	0.025	0.06	0.0666666666666667	0.0571428571428571	0.0625	0.0555555555555556	0.05	

MAP:	0.0672778342346494

NDCG:	0.1	0.05	0.0380093766715934	0.0319393943239799	0.0522616188673352	0.0569388172877775	0.0522271824009743	0.0580492540578841	0.0564689714512174	0.0551379247685484	

