precision:	0.2	0.1	0.0666666666666667	0.05	0.04	0.0333333333333333	0.0428571428571429	0.05	0.0444444444444444	0.04	

MAP:	0.0573548636004265

NDCG:	0.2	0.1	0.0760187533431869	0.0638787886479598	0.0561544377732289	0.0534035542972697	0.0595827315258092	0.0661750197885167	0.0652281919068485	0.0644306939747469	

