precision:	0	0.05	0.0666666666666667	0.05	0.06	0.05	0.0571428571428571	0.0625	0.0555555555555556	0.05	

MAP:	0.0639442972643935

NDCG:	0	0.05	0.0739812466568131	0.0701515141900503	0.0798069527834639	0.0780713385498732	0.0850239877413983	0.101095936218522	0.100606817905085	0.100194841397981	

