precision:	0.1	0.05	0.0333333333333333	0.025	0.02	0.0166666666666667	0.0142857142857143	0.0125	0.0333333333333333	0.05	

MAP:	0.0419475403397042

NDCG:	0.1	0.05	0.0380093766715934	0.0319393943239799	0.0280772188866144	0.0253263354106553	0.0232306043934018	0.0232306043934018	0.0369276145831391	0.0480207593701694	

