precision:	0.1	0.1	0.1	0.075	0.06	0.05	0.0714285714285714	0.075	0.0888888888888889	0.08	

MAP:	0.0831624561034574

NDCG:	0.1	0.1	0.1	0.0840303028380101	0.0738691905663324	0.0666318093808234	0.0776679047836345	0.0798676320973004	0.0890052092407053	0.0848000165391053	

