precision:	0.1	0.15	0.1	0.1	0.08	0.0833333333333333	0.0857142857142857	0.075	0.0666666666666667	0.07	

MAP:	0.106032681001446

NDCG:	0.1	0.2	0.176018753343187	0.17984848580995	0.170193047216536	0.173113402477214	0.17533824375264	0.171999073679339	0.16925281626995	0.172668687816734	

