precision:	0.1	0.1	0.0666666666666667	0.05	0.06	0.05	0.0428571428571429	0.05	0.0555555555555556	0.06	

MAP:	0.0576035611297663

NDCG:	0.1	0.1	0.0760187533431869	0.0638787886479598	0.0682466377635893	0.0615601297845839	0.0564660855289186	0.0619835069445184	0.0674811084242147	0.07439110780392	

