precision:	0.1	0.05	0.0666666666666667	0.05	0.04	0.0333333333333333	0.0285714285714286	0.05	0.0444444444444444	0.04	

MAP:	0.0468724916423903

NDCG:	0.1	0.05	0.0619906233284066	0.0520909085140302	0.045791971679718	0.0440563574461273	0.0427340983918595	0.0571081112963603	0.0561926921598972	0.0554216493099028	

