precision:	0	0	0.0333333333333333	0.05	0.06	0.05	0.0571428571428571	0.0625	0.0777777777777778	0.08	

MAP:	0.055068134034264

NDCG:	0	0	0.0239812466568131	0.0361212113520402	0.0438455622267711	0.0395497652281138	0.0445519666898538	0.0492560715584955	0.0604533417589424	0.0649761042096473	

