precision:	0.2	0.1	0.1	0.125	0.12	0.1	0.1	0.0875	0.0777777777777778	0.07	

MAP:	0.150633619081119

NDCG:	0.2	0.15	0.161990623328407	0.18403030283801	0.185961390556693	0.177539268344097	0.181124272195581	0.176847452627869	0.173330037471222	0.170367375124581	

