precision:	0.2	0.1	0.0666666666666667	0.075	0.08	0.0666666666666667	0.0571428571428571	0.05	0.0444444444444444	0.05	

MAP:	0.136978545482368

NDCG:	0.2	0.15	0.138009376671593	0.14790909148597	0.154208028320282	0.148896962079256	0.144850783332218	0.143181198295567	0.141808069590872	0.146380505412648	

