precision:	0	0.05	0.0333333333333333	0.05	0.06	0.0666666666666667	0.0714285714285714	0.075	0.0777777777777778	0.08	

MAP:	0.0961015722307717

NDCG:	0	0.05	0.0380093766715934	0.0819393943239799	0.0901694188769748	0.0972160993515913	0.102584537152898	0.107456074910152	0.112422477695743	0.116161971955994	

