precision:	0	0.05	0.1	0.075	0.08	0.0666666666666667	0.0571428571428571	0.05	0.0444444444444444	0.04	

MAP:	0.0428772676745345

NDCG:	0	0.05	0.0859718699852197	0.0722424227040804	0.0755989244631819	0.0693768125200413	0.0646365633942522	0.0619135874818612	0.0596741110218916	0.0577878359338899	

