precision:	0.1	0.05	0.0333333333333333	0.025	0.04	0.0666666666666667	0.0571428571428571	0.0625	0.0777777777777778	0.07	

MAP:	0.066051982298232

NDCG:	0.1	0.05	0.0380093766715934	0.0319393943239799	0.0496110467902841	0.0664552912154761	0.0627380813437566	0.0676096191010114	0.0779847230082094	0.0752655063586827	

