precision:	0.1	0.1	0.1	0.075	0.1	0.1	0.1	0.0875	0.0777777777777778	0.07	

MAP:	0.090080917781518

NDCG:	0.1	0.1	0.10756524102176	0.0954252763265327	0.121326953345832	0.124438009317402	0.126808133880297	0.121509310822112	0.117151362060851	0.113480731746091	

