precision:	0.3	0.15	0.133333333333333	0.125	0.12	0.1	0.1	0.1	0.0888888888888889	0.08	

MAP:	0.16389622707337

NDCG:	0.3	0.2	0.2	0.2	0.2	0.190202436049424	0.191013175476657	0.19609542887115	0.192578013714504	0.189615351367862	

