precision:	0	0	0	0	0	0	0	0	0	0.01	

MAP:	0.0436955763714232

NDCG:	0	0	0	0	0	0	0	0	0	0.00572900009676766	

