precision:	0	0.05	0.1	0.075	0.08	0.0833333333333333	0.0857142857142857	0.1	0.0888888888888889	0.08	

MAP:	0.0812549442568432

NDCG:	0	0.05	0.0935371110069794	0.083637396192603	0.0988722872619605	0.104183353502986	0.108229532250025	0.120812033904201	0.117094530868458	0.113963337711827	

