precision:	0	0.05	0.0666666666666667	0.075	0.06	0.05	0.0428571428571429	0.0625	0.0666666666666667	0.06	

MAP:	0.0592021990655262

NDCG:	0	0.05	0.0619906233284066	0.0680606056760201	0.0598305811230252	0.0539686416754958	0.0495027860953478	0.0613724214448728	0.0657257490039902	0.0632198597415082	

