precision:	0.1	0.05	0.0333333333333333	0.05	0.06	0.05	0.0428571428571429	0.05	0.0444444444444444	0.04	

MAP:	0.0387387291330447

NDCG:	0.1	0.05	0.0380093766715934	0.0479090914859699	0.054208028320282	0.0502724038172359	0.047274090578824	0.0615521210718446	0.0595876180228203	0.0579329486266845	

