precision:	0.1	0.1	0.0666666666666667	0.1	0.08	0.0666666666666667	0.0571428571428571	0.05	0.0444444444444444	0.04	

MAP:	0.0711992896436443

NDCG:	0.1	0.1	0.0760187533431869	0.0958181829719397	0.0842316566598433	0.0759790062319659	0.0696918131802055	0.0671874356252296	0.0651277425681876	0.0633928961557001	

