precision:	0.1	0.05	0.0333333333333333	0.025	0.02	0.0166666666666667	0.0428571428571429	0.0375	0.0444444444444444	0.04	

MAP:	0.0646822126557158

NDCG:	0.1	0.05	0.0380093766715934	0.0319393943239799	0.0280772188866144	0.0253263354106553	0.067126231349997	0.0654566463133464	0.0714119573612743	0.0702553930862826	

