precision:	0.2	0.1	0.1	0.075	0.06	0.05	0.0571428571428571	0.05	0.0444444444444444	0.05	

MAP:	0.120713784211617

NDCG:	0.2	0.1	0.111990623328407	0.108160890861644	0.105724129464697	0.103988515231106	0.110941164422631	0.109293055357348	0.107937589288636	0.113789010708339	

