precision:	0	0	0.0333333333333333	0.05	0.04	0.0333333333333333	0.0428571428571429	0.0375	0.0333333333333333	0.03	

MAP:	0.0186327373796297

NDCG:	0	0	0.0239812466568131	0.0361212113520402	0.0317533622364107	0.0286423062648405	0.0362734888633631	0.0352200979876226	0.0343537502323477	0.0336240394193376	

