precision:	0.3	0.15	0.133333333333333	0.125	0.1	0.0833333333333333	0.0714285714285714	0.0625	0.0555555555555556	0.06	

MAP:	0.141074127927477

NDCG:	0.3	0.15	0.15	0.156069982347614	0.147839957794619	0.141978018347089	0.137512162766941	0.133954394336225	0.131028353523908	0.135556905038228	

