precision:	0	0	0	0.05	0.06	0.05	0.0571428571428571	0.05	0.0555555555555556	0.05	

MAP:	0.0333463394521013

NDCG:	0	0	0	0.0319393943239799	0.0401694188769748	0.0362337943739286	0.0415103893813097	0.0406755968629844	0.0463576029477519	0.045414465403751	

