precision:	0.1	0.1	0.0666666666666667	0.075	0.06	0.0833333333333333	0.0714285714285714	0.0875	0.0777777777777778	0.09	

MAP:	0.081613025223712

NDCG:	0.1	0.1	0.0760187533431869	0.0798484858099498	0.0701930472165361	0.0924560428389409	0.0864059758685742	0.0965166708686538	0.0920949408445801	0.125466696901792	

