precision:	0	0	0	0	0.02	0.0166666666666667	0.0142857142857143	0.025	0.0444444444444444	0.04	

MAP:	0.0416143037242509

NDCG:	0	0	0	0	0.0120921999903604	0.0109074589632733	0.0100048767421149	0.01702936040292	0.0301349962483277	0.0292720357206786	

