precision:	0	0.15	0.1	0.075	0.1	0.0833333333333333	0.1	0.0875	0.0777777777777778	0.07	

MAP:	0.0706579632817151

NDCG:	0	0.15	0.11402813001478	0.0958181829719397	0.11227823207793	0.104406983071837	0.114960173086599	0.108993464360221	0.104086221635299	0.0999529298288192	

