precision:	0	0	0.0333333333333333	0.05	0.06	0.0666666666666667	0.0714285714285714	0.0625	0.0666666666666667	0.07	

MAP:	0.0874466542875425

NDCG:	0	0	0.0315464876785729	0.0505511760143696	0.06264337600473	0.0712561989282185	0.0795441844412443	0.0781792496459037	0.0834252470445834	0.0878438664771742	

