precision:	0	0.1	0.133333333333333	0.125	0.12	0.116666666666667	0.128571428571429	0.1125	0.111111111111111	0.11	

MAP:	0.0986416524492288

NDCG:	0	0.1	0.123981246656813	0.126221496537664	0.127646910578083	0.130397794054042	0.146843477646446	0.142806732407516	0.155260007129067	0.162078366147675	

