precision:	0	0.05	0.133333333333333	0.175	0.14	0.133333333333333	0.142857142857143	0.15	0.144444444444444	0.14	

MAP:	0.109151995941324

NDCG:	0	0.05	0.109953116642033	0.146373010727714	0.133269463380826	0.135469473650281	0.151431255432934	0.162638123242259	0.174316634603964	0.180482422876285	

