precision:	0.2	0.15	0.166666666666667	0.125	0.12	0.1	0.1	0.0875	0.1	0.09	

MAP:	0.130743215182143

NDCG:	0.2	0.15	0.173981246656813	0.15418181702806	0.153676143349796	0.146269290379569	0.148901367278414	0.143811231163744	0.158943977371762	0.155417909842502	

