precision:	0.1	0.05	0.0666666666666667	0.05	0.06	0.05	0.0571428571428571	0.075	0.0777777777777778	0.07	

MAP:	0.0606668055574352

NDCG:	0.1	0.05	0.0619906233284066	0.0520909085140301	0.0578841716700783	0.0522129329334415	0.0561672688865547	0.066504536552126	0.0686377187350419	0.0647054637622922	

