precision:	0.3	0.2	0.133333333333333	0.1	0.08	0.0833333333333333	0.0714285714285714	0.075	0.0777777777777778	0.08	

MAP:	0.106549879641686

NDCG:	0.3	0.2	0.152037506686374	0.12775757729592	0.123895401858554	0.130942082333171	0.128035611888684	0.132907149645939	0.136913683116022	0.140288321969768	

