precision:	0.1	0.05	0.1	0.1	0.1	0.116666666666667	0.1	0.0875	0.0888888888888889	0.09	

MAP:	0.0811855150792921

NDCG:	0.1	0.05	0.0859718699852197	0.0882121198660703	0.0934997093438545	0.107063426012758	0.100846981319971	0.095894588596479	0.0981901274381561	0.100853333783713	

