precision:	0	0	0.0333333333333333	0.025	0.02	0.0166666666666667	0.0142857142857143	0.025	0.0222222222222222	0.03	

MAP:	0.0361639972117995

NDCG:	0	0	0.0239812466568131	0.0201515141900502	0.0177147527931035	0.0159791385595128	0.014656879505245	0.0207904950817549	0.0194664377582485	0.0240802056170089	

