precision:	0.3	0.15	0.1	0.075	0.1	0.1	0.0857142857142857	0.075	0.0777777777777778	0.08	

MAP:	0.0597835823141692

NDCG:	0.3	0.15	0.11402813001478	0.0958181829719397	0.11227823207793	0.114204547022413	0.107397181118356	0.101974025112719	0.103882390757679	0.105854631925648	

