precision:	0	0	0	0.025	0.02	0.05	0.0571428571428571	0.0625	0.0777777777777778	0.07	

MAP:	0.0440849354806489

NDCG:	0	0	0	0.01596969716199	0.0140386094433072	0.0418033720176303	0.0482196753275635	0.0533312874136006	0.0639038373597093	0.0621632018836068	

