precision:	0.1	0.05	0.0333333333333333	0.075	0.1	0.116666666666667	0.1	0.0875	0.1	0.09	

MAP:	0.106785131291682

NDCG:	0.1	0.05	0.0380093766715934	0.0729090914859699	0.096825752172048	0.113860697308133	0.110288770723881	0.107443159751871	0.117839964541212	0.115139026196507	

