precision:	0.2	0.15	0.133333333333333	0.125	0.1	0.1	0.0857142857142857	0.0875	0.1	0.09	

MAP:	0.0715750263283476

NDCG:	0.2	0.15	0.138009376671593	0.13193939432398	0.11984719433362	0.121031935360707	0.113659609336072	0.114973378662611	0.122422441757492	0.117238667882467	

