precision:	0.3	0.15	0.133333333333333	0.1	0.08	0.0666666666666667	0.0571428571428571	0.0875	0.0888888888888889	0.09	

MAP:	0.0805178306947947

NDCG:	0.3	0.15	0.138009376671593	0.11596969716199	0.105808584890312	0.0985712037048034	0.0930574826160286	0.113685399346148	0.115525945482135	0.127149084477344	

