precision:	0.3	0.15	0.133333333333333	0.125	0.1	0.0833333333333333	0.0857142857142857	0.1	0.1	0.09	

MAP:	0.0900627106349242

NDCG:	0.3	0.15	0.138009376671593	0.13193939432398	0.11984719433362	0.111234371410131	0.112947693058522	0.124959092628523	0.126081665666958	0.121298190827862	

