precision:	0.1	0.05	0.0666666666666667	0.05	0.08	0.0666666666666667	0.0571428571428571	0.05	0.0666666666666667	0.06	

MAP:	0.064951881643414

NDCG:	0.1	0.05	0.0619906233284066	0.0520909085140302	0.0738385470978042	0.0697334508100394	0.0666060273134548	0.0641145341637233	0.0748025785940186	0.0732099072533595	

