precision:	0.3	0.2	0.166666666666667	0.125	0.1	0.1	0.0857142857142857	0.075	0.0666666666666667	0.07	

MAP:	0.104708844089035

NDCG:	0.3	0.2	0.183583994364947	0.159304064974492	0.147717538662396	0.149262452185094	0.142164519706101	0.136509880937804	0.131859296129615	0.135175908078557	

