precision:	0	0	0.0333333333333333	0.05	0.08	0.0666666666666667	0.0714285714285714	0.075	0.0666666666666667	0.07	

MAP:	0.0543860330602568

NDCG:	0	0	0.0239812466568131	0.0361212113520402	0.0559377622171315	0.0504572241913871	0.0545568434319687	0.0578228460266194	0.0541403573486697	0.0567676563205417	

