precision:	0	0	0	0.025	0.02	0.0333333333333333	0.0428571428571429	0.0625	0.0555555555555556	0.05	

MAP:	0.0520856729117044

NDCG:	0	0	0	0.01596969716199	0.0140386094433072	0.0224607316559032	0.0288770349658364	0.041175653504124	0.0385533530077715	0.0363446313766491	

