precision:	0	0	0	0	0.02	0.0166666666666667	0.0428571428571429	0.0625	0.0555555555555556	0.05	

MAP:	0.0486666460583487

NDCG:	0	0	0	0	0.0120921999903604	0.0109074589632733	0.0265546932337008	0.0390202186221203	0.0365351885144543	0.034442087529107	

