precision:	0.2	0.15	0.166666666666667	0.15	0.14	0.116666666666667	0.1	0.1	0.1	0.09	

MAP:	0.101558364397689

NDCG:	0.2	0.15	0.161990623328407	0.15209090851403	0.155179670978489	0.147582117297369	0.141794002662953	0.144369849808747	0.146488322110038	0.142543677240028	

