precision:	0	0	0	0	0	0.0166666666666667	0.0285714285714286	0.05	0.0555555555555556	0.05	

MAP:	0.0505504688771323

NDCG:	0	0	0	0	0	0.00979756395057558	0.0172617327691355	0.0303951438257483	0.034827978118858	0.0328326832187264	

