precision:	0	0.05	0.0666666666666667	0.05	0.06	0.1	0.0857142857142857	0.075	0.0666666666666667	0.06	

MAP:	0.0563466049469396

NDCG:	0	0.05	0.0619906233284066	0.0520909085140302	0.0578841716700783	0.113051621963074	0.107920310243161	0.103832399535429	0.100470350037025	0.098795113966343	

