precision:	0.2	0.1	0.0666666666666667	0.05	0.06	0.0833333333333333	0.0714285714285714	0.0875	0.0777777777777778	0.09	

MAP:	0.0651372821136601

NDCG:	0.2	0.1	0.0760187533431869	0.0638787886479598	0.0721088132009547	0.0877683165990597	0.0831485245061818	0.0938421339203465	0.0898998143466481	0.101922977659088	

