precision:	0	0	0.0333333333333333	0.05	0.04	0.05	0.0571428571428571	0.05	0.0555555555555556	0.07	

MAP:	0.0493873978217377

NDCG:	0	0	0.0239812466568131	0.0361212113520402	0.0317533622364107	0.0384398702154161	0.0435339144710814	0.0404051292291276	0.0442004705510782	0.0548295003337616	

