precision:	0	0.1	0.1	0.075	0.06	0.0666666666666667	0.0714285714285714	0.0625	0.0666666666666667	0.06	

MAP:	0.0663897887075294

NDCG:	0	0.1	0.1	0.0840303028380101	0.0738691905663324	0.076429373331399	0.0783798210611842	0.0727466582642545	0.0744823065291631	0.0713923460655703	

