precision:	0.1	0.1	0.0666666666666667	0.05	0.08	0.0666666666666667	0.0714285714285714	0.075	0.0666666666666667	0.06	

MAP:	0.0669392595303432

NDCG:	0.1	0.1	0.0760187533431869	0.0638787886479598	0.0803388377539496	0.0724675887478573	0.0747458705168264	0.0765608864322418	0.071685052452525	0.0687347800031436	

