precision:	0.2	0.2	0.166666666666667	0.125	0.12	0.1	0.1	0.0875	0.0777777777777778	0.08	

MAP:	0.100841946678228

NDCG:	0.2	0.2	0.176018753343187	0.153979073833583	0.152047986114901	0.140874980426346	0.140637854344952	0.133261939032721	0.127195712505596	0.129731928656912	

