precision:	0.1	0.05	0.0333333333333333	0.025	0.08	0.0666666666666667	0.0714285714285714	0.0625	0.0555555555555556	0.05	

MAP:	0.0635702272840962

NDCG:	0.1	0.05	0.0380093766715934	0.0319393943239799	0.0643538188576956	0.0580487123004753	0.0615201428655395	0.0570986862283596	0.0534623161772393	0.050399460031711	

