precision:	0.1	0.05	0.0666666666666667	0.1	0.08	0.0666666666666667	0.0714285714285714	0.0625	0.0555555555555556	0.05	

MAP:	0.0615303210593688

NDCG:	0.1	0.05	0.0619906233284066	0.0840303028380101	0.0763059519632791	0.0708041850113608	0.0748876312226468	0.0709537429598028	0.0677183672369769	0.0649932621798891	

