precision:	0.2	0.25	0.166666666666667	0.15	0.14	0.116666666666667	0.1	0.1	0.1	0.11	

MAP:	0.131232897315521

NDCG:	0.2	0.25	0.190046883357967	0.181736651129503	0.176449061651719	0.165636228458775	0.157398587677229	0.165175366172472	0.16751974050352	0.177118356024014	

