precision:	0.1	0.05	0.1	0.1	0.16	0.133333333333333	0.142857142857143	0.1375	0.122222222222222	0.14	

MAP:	0.154520910724912

NDCG:	0.1	0.05	0.0979624933136263	0.110102458008853	0.154103408854665	0.147438129801834	0.164174379969175	0.167440382563825	0.163757893885876	0.191051408375805	

