precision:	0.2	0.15	0.2	0.15	0.14	0.15	0.142857142857143	0.1375	0.144444444444444	0.14	

MAP:	0.18679723770714

NDCG:	0.2	0.15	0.197962493313626	0.178163063684873	0.177657390006609	0.191581279171124	0.201274172189149	0.205396969311973	0.216116150445664	0.228294617190151	

