precision:	0	0	0.0666666666666667	0.1	0.14	0.116666666666667	0.128571428571429	0.125	0.122222222222222	0.13	

MAP:	0.104497645696823

NDCG:	0	0	0.0479624933136263	0.0760721551708433	0.106049818307612	0.0991938385438883	0.115784805423761	0.119050808018411	0.131141563179748	0.143383577886478	

