precision:	0	0	0.0333333333333333	0.025	0.06	0.0833333333333333	0.0714285714285714	0.075	0.0666666666666667	0.06	

MAP:	0.0781193565489197

NDCG:	0	0	0.0239812466568131	0.0239812466568131	0.0481656466375339	0.066576033511598	0.0640519724359736	0.0747109462061525	0.0730571744736119	0.0716642290794124	

