precision:	0	0.05	0.0666666666666667	0.075	0.06	0.05	0.0428571428571429	0.0375	0.0333333333333333	0.03	

MAP:	0.0509514152902966

NDCG:	0	0.05	0.0619906233284066	0.0741305880236336	0.0697627389080042	0.0680271246744135	0.0667048656201457	0.0656514747444051	0.0647851269891303	0.0640554161761202	

