precision:	0.1	0.05	0.0333333333333333	0.075	0.12	0.116666666666667	0.1	0.0875	0.0777777777777778	0.07	

MAP:	0.0986023629119628

NDCG:	0.1	0.05	0.0380093766715934	0.0638787886479598	0.0943621254629927	0.0992300245943276	0.0946636729949927	0.0917448945443314	0.0893443828092192	0.0873224702929075	

