precision:	0	0	0.0666666666666667	0.1	0.12	0.116666666666667	0.128571428571429	0.1125	0.1	0.1	

MAP:	0.0768157633526329

NDCG:	0	0	0.055527734335386	0.0866723873664098	0.106488938231501	0.110805964156332	0.128380571568189	0.125243194760113	0.122662899622073	0.130104274165105	

