precision:	0	0.05	0.0666666666666667	0.075	0.12	0.1	0.1	0.1	0.0888888888888889	0.08	

MAP:	0.0721549509709922

NDCG:	0	0.05	0.0619906233284066	0.0680606056760201	0.0961071810941063	0.0878757595924028	0.0898796478157309	0.097553569334888	0.0934447798339118	0.0899840123661261	

