precision:	0	0.05	0.0666666666666667	0.05	0.06	0.0666666666666667	0.0857142857142857	0.075	0.0777777777777778	0.08	

MAP:	0.0895963829391914

NDCG:	0	0.05	0.0619906233284066	0.0581608908616437	0.0678163294550573	0.0758782791720422	0.0955594020842519	0.0932654093606234	0.107151988437093	0.115177596715309	

