precision:	0.1	0.1	0.0666666666666667	0.05	0.04	0.0666666666666667	0.0714285714285714	0.0875	0.0777777777777778	0.08	

MAP:	0.103639094888521

NDCG:	0.1	0.1	0.0760187533431869	0.0699487709955733	0.0660865955582079	0.0878373100994653	0.0932057479007718	0.107487524089034	0.105167567502671	0.118265005078776	

