precision:	0.3	0.2	0.166666666666667	0.15	0.12	0.116666666666667	0.114285714285714	0.1125	0.111111111111111	0.1	

MAP:	0.17243550514245

NDCG:	0.3	0.2	0.188009376671593	0.185769126790743	0.172251512759964	0.176547309758621	0.185084321444799	0.188932157823748	0.194585567242679	0.191886917267698	

