precision:	0	0.1	0.0666666666666667	0.05	0.08	0.1	0.114285714285714	0.1125	0.111111111111111	0.11	

MAP:	0.105947945827197

NDCG:	0	0.1	0.0760187533431869	0.0699487709955733	0.0902709955389286	0.114290834321098	0.127855414841505	0.13617691790684	0.138969293943059	0.141321267472409	

