precision:	0	0	0.0333333333333333	0.1	0.14	0.116666666666667	0.128571428571429	0.125	0.122222222222222	0.13	

MAP:	0.101719867919045

NDCG:	0	0	0.0239812466568131	0.0710955968498269	0.101073259986596	0.0942172802228719	0.110808247102744	0.114074249697395	0.126165004858732	0.138407019565462	

