precision:	0	0	0.0666666666666667	0.05	0.04	0.0333333333333333	0.0285714285714286	0.025	0.0222222222222222	0.02	

MAP:	0.0506196770446122

NDCG:	0	0	0.0479624933136263	0.0403030283801005	0.035429505586207	0.0319582771190257	0.02931375901049	0.0282603681347495	0.0273940203794746	0.0266643095664646	

