precision:	0	0.1	0.1	0.15	0.16	0.133333333333333	0.128571428571429	0.1125	0.111111111111111	0.11	

MAP:	0.115216026060631

NDCG:	0	0.1	0.1	0.138009376671593	0.150101576661954	0.140304012711378	0.146379057040736	0.140432652436373	0.151315352414319	0.156810841527543	

