precision:	0.2	0.15	0.1	0.1	0.1	0.116666666666667	0.1	0.1	0.1	0.1	

MAP:	0.159790883413361

NDCG:	0.2	0.15	0.126018753343187	0.132883476983757	0.17208895735373	0.193839671894988	0.190933201450501	0.22362065112549	0.230417892184007	0.236963580787296	

