precision:	0.2	0.1	0.133333333333333	0.125	0.22	0.216666666666667	0.185714285714286	0.175	0.166666666666667	0.16	

MAP:	0.203213826344749

NDCG:	0.2	0.1	0.170658216378905	0.174487948845668	0.282080341453782	0.293802317988801	0.285044504354959	0.289753519320769	0.294586257330261	0.298213167894366	

