precision:	0.1	0.1	0.133333333333333	0.175	0.2	0.2	0.2	0.175	0.155555555555556	0.14	

MAP:	0.263866408657209

NDCG:	0.1	0.2	0.247962493313626	0.28821211986607	0.326857997943242	0.351149629690344	0.362056614834982	0.360408505769699	0.359053039700988	0.357911352380873	

