precision:	0	0.1	0.166666666666667	0.175	0.16	0.133333333333333	0.114285714285714	0.1	0.0888888888888889	0.09	

MAP:	0.0899247992137455

NDCG:	0	0.1	0.155527734335386	0.17070269020442	0.168265928807473	0.157917491650394	0.150033645998725	0.145422486692268	0.141630098124676	0.144926343649642	

