precision:	0	0.05	0.0666666666666667	0.125	0.1	0.0833333333333333	0.0857142857142857	0.075	0.0666666666666667	0.07	

MAP:	0.0910493727618642

NDCG:	0	0.05	0.0619906233284066	0.13403030283801	0.123869190566332	0.116631809380823	0.119392996537842	0.115835228107125	0.112909187294808	0.116173630166078	

