precision:	0	0.05	0.0333333333333333	0.075	0.08	0.0833333333333333	0.0714285714285714	0.0625	0.0666666666666667	0.07	

MAP:	0.0813291314276974

NDCG:	0	0.05	0.0380093766715934	0.0638787886479598	0.0992220935805682	0.103517890579226	0.0985156891174855	0.0951765190441844	0.108203505474082	0.111619377020866	

