precision:	0.1	0.15	0.133333333333333	0.125	0.1	0.0833333333333333	0.0714285714285714	0.0625	0.0555555555555556	0.06	

MAP:	0.0816493099266738

NDCG:	0.1	0.15	0.15	0.15	0.13790780000964	0.129294977086151	0.12273339048875	0.118340829539708	0.114728224375044	0.126736884795249	

