precision:	0.1	0.1	0.1	0.075	0.06	0.05	0.0571428571428571	0.0625	0.0666666666666667	0.06	

MAP:	0.0634359227543623

NDCG:	0.1	0.1	0.1	0.0840303028380101	0.0738691905663324	0.0666318093808234	0.0693929965378416	0.0715927238515074	0.0734018612422899	0.0691966685406898	

