precision:	0	0.05	0.0333333333333333	0.025	0.04	0.0333333333333333	0.0428571428571429	0.0375	0.0333333333333333	0.03	

MAP:	0.0222268134150261

NDCG:	0	0.05	0.0380093766715934	0.0319393943239799	0.0401694188769748	0.0362337943739286	0.0432367882969339	0.0408481521232879	0.0388836490742635	0.0372289796781278	

