precision:	0.1	0.1	0.1	0.075	0.06	0.0666666666666667	0.0714285714285714	0.075	0.0666666666666667	0.06	

MAP:	0.0988077446579843

NDCG:	0.1	0.1	0.111990623328407	0.10209090851403	0.095791971679718	0.103853921396703	0.109995831160995	0.114888844889617	0.112544470558568	0.110569841676929	

