precision:	0	0.1	0.0666666666666667	0.05	0.04	0.0333333333333333	0.0285714285714286	0.025	0.0222222222222222	0.02	

MAP:	0.0567937864658217

NDCG:	0	0.1	0.0880093766715934	0.0819393943239799	0.0780772188866145	0.0753263354106553	0.0732306043934018	0.0715610193567513	0.0701878906520566	0.0690313263770649	

