precision:	0.3	0.25	0.166666666666667	0.125	0.1	0.0833333333333333	0.0714285714285714	0.0625	0.0555555555555556	0.05	

MAP:	0.167106466982038

NDCG:	0.3	0.3	0.252037506686374	0.22775757729592	0.212308875546458	0.20405622511858	0.19776903206682	0.194429861993519	0.191683604584129	0.189370476034146	

