precision:	0	0.05	0.0666666666666667	0.05	0.04	0.0333333333333333	0.0428571428571429	0.0375	0.0333333333333333	0.04	

MAP:	0.0453550438681328

NDCG:	0	0.05	0.0619906233284066	0.0520909085140301	0.045791971679718	0.0413054739701681	0.0461623921444398	0.0434394162320487	0.0411999397720791	0.0463067734238948	

