precision:	0.1	0.1	0.1	0.125	0.1	0.0833333333333333	0.0857142857142857	0.075	0.0777777777777778	0.07	

MAP:	0.109184764950902

NDCG:	0.1	0.1	0.1	0.15	0.13790780000964	0.129294977086151	0.131008298734543	0.125780945267176	0.128810215502787	0.125189094002297	

