precision:	0.1	0.1	0.1	0.1	0.1	0.0833333333333333	0.0714285714285714	0.0625	0.0666666666666667	0.06	

MAP:	0.110833831019313

NDCG:	0.1	0.1	0.1	0.1	0.130975455816979	0.12236263289349	0.115801046296089	0.110573692828722	0.122047767150997	0.118426645650508	

