precision:	0	0	0	0	0	0.0166666666666667	0.0142857142857143	0.0125	0.0111111111111111	0.02	

MAP:	0.0361174141538174

NDCG:	0	0	0	0	0	0.0386852807234542	0.0386852807234542	0.0386852807234542	0.0386852807234542	0.0444142808202218	

