precision:	0.1	0.1	0.0666666666666667	0.075	0.06	0.0666666666666667	0.0571428571428571	0.05	0.0444444444444444	0.05	

MAP:	0.0800440772059337

NDCG:	0.1	0.1	0.0760187533431869	0.0798484858099498	0.0701930472165361	0.0731134024772138	0.0670633355068471	0.0653937504701965	0.0640206217655019	0.0685930575872779	

