precision:	0.1	0.05	0.0666666666666667	0.05	0.04	0.0666666666666667	0.0714285714285714	0.0625	0.0555555555555556	0.05	

MAP:	0.0745976208081875

NDCG:	0.1	0.05	0.0619906233284066	0.0520909085140302	0.045791971679718	0.07319656175843	0.0888739226323302	0.0882280389739852	0.0876968402798797	0.087249420143352	

