precision:	0	0.05	0.1	0.075	0.08	0.0833333333333333	0.0857142857142857	0.075	0.0777777777777778	0.07	

MAP:	0.0857151280638178

NDCG:	0	0.05	0.0859718699852197	0.0722424227040804	0.0755989244631819	0.0779896354435299	0.0798109729151423	0.0746696713316701	0.0777697138306131	0.0742082026719295	

