precision:	0.1	0.05	0.0666666666666667	0.05	0.04	0.0333333333333333	0.0428571428571429	0.0375	0.0333333333333333	0.04	

MAP:	0.038054200763719

NDCG:	0.1	0.05	0.0619906233284066	0.0520909085140302	0.045791971679718	0.0413054739701681	0.055697843254048	0.0540282582173974	0.0526551295127027	0.0572275653344787	

