precision:	0	0	0	0.025	0.02	0.0333333333333333	0.0285714285714286	0.0375	0.0333333333333333	0.03	

MAP:	0.0169035745620502

NDCG:	0	0	0	0.01596969716199	0.0140386094433072	0.0224607316559032	0.0206021267200435	0.0271432495139488	0.0261543412516118	0.0253213996900869	

