precision:	0	0	0	0	0	0	0	0	0	0.01	

MAP:	0.040872207797777

NDCG:	0	0	0	0	0	0	0	0	0	0.00572900009676766	

