precision:	0.1	0.05	0.0333333333333333	0.05	0.08	0.0666666666666667	0.0571428571428571	0.05	0.0444444444444444	0.05	

MAP:	0.051484256439404

NDCG:	0.1	0.05	0.0380093766715934	0.0479090914859699	0.0663002283106424	0.0611798627805092	0.0572789673209389	0.0565599161839434	0.0559685418396138	0.0705219365016687	

