precision:	0	0.05	0.1	0.075	0.08	0.0833333333333333	0.1	0.1	0.111111111111111	0.11	

MAP:	0.113402162018802

NDCG:	0	0.05	0.125083598685552	0.115183883871176	0.130418774940533	0.135729841181559	0.148050928174391	0.151274356866362	0.163742669979793	0.16634047691993	

