precision:	0	0.05	0.0333333333333333	0.025	0.04	0.0333333333333333	0.0428571428571429	0.0375	0.0333333333333333	0.03	

MAP:	0.0312127920930989

NDCG:	0	0.05	0.0380093766715934	0.0319393943239799	0.0496110467902841	0.046860163314325	0.0530393405428644	0.0507750373166709	0.0489127902985397	0.0473442495164436	

