precision:	0	0	0	0	0	0	0	0	0	0.01	

MAP:	0.0272135689991861

NDCG:	0	0	0	0	0	0	0	0	0	0.00572900009676766	

