precision:	0	0	0	0.025	0.02	0.0833333333333333	0.0857142857142857	0.075	0.0777777777777778	0.09	

MAP:	0.0805273256500379

NDCG:	0	0	0	0.01596969716199	0.0140386094433072	0.0807411402805086	0.0855359647359757	0.0828146867114174	0.0894339830539743	0.108329384016285	

