precision:	0.1	0.1	0.0666666666666667	0.075	0.06	0.05	0.0571428571428571	0.05	0.0444444444444444	0.05	

MAP:	0.0391472157412195

NDCG:	0.1	0.1	0.0760187533431869	0.0798484858099498	0.0701930472165361	0.0633158385266383	0.0680778181449217	0.0639038555532953	0.0604710337915587	0.0660317081837737	

