precision:	0	0.1	0.1	0.075	0.08	0.0666666666666667	0.0571428571428571	0.05	0.0444444444444444	0.04	

MAP:	0.0520706751732096

NDCG:	0	0.1	0.111990623328407	0.10209090851403	0.107884171670078	0.102212932933441	0.0978923606407618	0.0944503335913752	0.091619482787076	0.0892351025779302	

