precision:	0	0	0	0	0.02	0.0166666666666667	0.0142857142857143	0.0125	0.0222222222222222	0.03	

MAP:	0.032137906172761

NDCG:	0	0	0	0	0.0120921999903604	0.0120921999903604	0.0120921999903604	0.0120921999903604	0.0184607704274752	0.0238249151177378	

