precision:	0.2	0.1	0.0666666666666667	0.075	0.08	0.0666666666666667	0.0571428571428571	0.05	0.0444444444444444	0.04	

MAP:	0.10193032251228

NDCG:	0.2	0.1	0.0880093766715934	0.103979073833583	0.114140186105261	0.111580003340194	0.109629555610409	0.108075711955088	0.106797773258412	0.105721385999772	

