precision:	0.1	0.05	0.0666666666666667	0.075	0.06	0.0666666666666667	0.0714285714285714	0.0625	0.0555555555555556	0.05	

MAP:	0.0360751853652332

NDCG:	0.1	0.05	0.0619906233284066	0.0680606056760201	0.0598305811230252	0.0637662056260714	0.0684909177801075	0.0651220582093713	0.0623513830552963	0.0600176878307669	

