precision:	0	0	0	0	0	0.0166666666666667	0.0142857142857143	0.0125	0.0222222222222222	0.03	

MAP:	0.031421400983934

NDCG:	0	0	0	0	0	0.0108617509456255	0.0108617509456255	0.0108617509456255	0.0172303213827403	0.0225944660730029	

