precision:	0.2	0.15	0.133333333333333	0.15	0.12	0.133333333333333	0.114285714285714	0.1	0.0888888888888889	0.09	

MAP:	0.128718816929677

NDCG:	0.2	0.15	0.138009376671593	0.153979073833583	0.13995578612454	0.149562649364223	0.140331718403729	0.139039951087039	0.137977553698828	0.14407582216559	

