precision:	0.1	0.05	0.0333333333333333	0.05	0.04	0.0333333333333333	0.0285714285714286	0.025	0.0222222222222222	0.02	

MAP:	0.0828323017249875

NDCG:	0.1	0.05	0.05	0.075	0.075	0.075	0.075	0.075	0.075	0.075	

