precision:	0	0	0.0333333333333333	0.025	0.02	0.05	0.0428571428571429	0.0375	0.0333333333333333	0.03	

MAP:	0.0197141642306941

NDCG:	0	0	0.0239812466568131	0.0201515141900502	0.0177147527931035	0.038132546865691	0.0359995483841902	0.0359995483841902	0.0359995483841902	0.0359995483841902	

