precision:	0.1	0.2	0.133333333333333	0.1	0.1	0.0833333333333333	0.0714285714285714	0.075	0.0666666666666667	0.06	

MAP:	0.180520537494055

NDCG:	0.1	0.25	0.226018753343187	0.226018753343187	0.238110953333547	0.23692621230646	0.236023630085302	0.243048113746107	0.242456739401777	0.241958634280633	

