precision:	0.1	0.2	0.133333333333333	0.1	0.1	0.0833333333333333	0.0857142857142857	0.0875	0.0888888888888889	0.09	

MAP:	0.156978860953435

NDCG:	0.1	0.25	0.21402813001478	0.201888165319553	0.206256014435183	0.199569506456177	0.212285821555913	0.219310305216718	0.226047370625011	0.240600765287066	

