precision:	0.1	0.1	0.0666666666666667	0.1	0.1	0.1	0.1	0.1	0.1	0.09	

MAP:	0.0869598781369723

NDCG:	0.1	0.1	0.0760187533431869	0.101888165319553	0.110533561964259	0.117387639367944	0.124573219143515	0.13438489139985	0.140066897484618	0.139123759940617	

