precision:	0	0	0	0	0	0.0166666666666667	0.0285714285714286	0.025	0.0222222222222222	0.03	

MAP:	0.0210823046758537

NDCG:	0	0	0	0	0	0.00979756395057558	0.0203638663334214	0.0203638663334214	0.0203638663334214	0.026092866430189	

