precision:	0.2	0.25	0.166666666666667	0.125	0.12	0.1	0.1	0.1	0.0888888888888889	0.09	

MAP:	0.172334154050126

NDCG:	0.2	0.3	0.252037506686374	0.233827559643533	0.234333233321797	0.224895841866833	0.235516425949315	0.24254090961012	0.24194953526579	0.256502929927845	

