precision:	0.3	0.3	0.233333333333333	0.2	0.16	0.133333333333333	0.114285714285714	0.1	0.0888888888888889	0.08	

MAP:	0.201355481579942

NDCG:	0.3	0.35	0.365130482043519	0.365925223336476	0.354338697024379	0.346086046596502	0.339798853544741	0.338129268508091	0.336756139803396	0.335599575528404	

