precision:	0.1	0.1	0.0666666666666667	0.05	0.04	0.0333333333333333	0.0428571428571429	0.0375	0.0333333333333333	0.03	

MAP:	0.138532957239186

NDCG:	0.1	0.15	0.15	0.15	0.15	0.15	0.158274908245793	0.15768019005625	0.157191071742813	0.156779095235709	

