precision:	0.2	0.25	0.233333333333333	0.2	0.16	0.15	0.128571428571429	0.1125	0.1	0.09	

MAP:	0.226669887008281

NDCG:	0.2	0.3	0.311990623328407	0.323261176047267	0.314525477816008	0.318100929823443	0.312549941270421	0.311496550394681	0.310630202639406	0.309900491826396	

