precision:	0	0	0	0	0	0	0	0.0125	0.0111111111111111	0.01	

MAP:	0.0163135556974277

NDCG:	0	0	0	0	0	0	0	0.00774353479780061	0.00774353479780061	0.00774353479780061	

