precision:	0.2	0.1	0.1	0.075	0.08	0.0666666666666667	0.0571428571428571	0.05	0.0444444444444444	0.04	

MAP:	0.0584927678927692

NDCG:	0.2	0.1	0.1	0.0840303028380101	0.0859613905566928	0.0775392683440968	0.0711229650341636	0.0683999891217725	0.066160512661803	0.0642742375738012	

