precision:	0	0	0	0	0	0.0166666666666667	0.0285714285714286	0.025	0.0222222222222222	0.02	

MAP:	0.0371453431955016

NDCG:	0	0	0	0	0	0.00979756395057558	0.0172617327691355	0.0172617327691355	0.0172617327691355	0.0172617327691355	

