precision:	0.1	0.05	0.0333333333333333	0.025	0.02	0.0333333333333333	0.0571428571428571	0.05	0.0444444444444444	0.05	

MAP:	0.0545467908075087

NDCG:	0.1	0.05	0.0380093766715934	0.0319393943239799	0.0280772188866144	0.0351238993612309	0.0583026965179384	0.0566331114812879	0.0552599827765932	0.0610965272414189	

