precision:	0.1	0.1	0.0666666666666667	0.075	0.08	0.0666666666666667	0.0714285714285714	0.0625	0.0666666666666667	0.06	

MAP:	0.0856916143760363

NDCG:	0.1	0.1	0.0760187533431869	0.0798484858099498	0.0822852472068965	0.0754080385169986	0.0784436192196578	0.0742696566280314	0.0781652746189173	0.0752738639314381	

