precision:	0.1	0.05	0.1	0.1	0.12	0.116666666666667	0.1	0.1	0.0888888888888889	0.09	

MAP:	0.113753339203651

NDCG:	0.1	0.05	0.0935371110069794	0.099607093354593	0.125003096695628	0.129129421909567	0.123998110189654	0.127653734279723	0.124291684781318	0.128452993175462	

