precision:	0	0.1	0.1	0.1	0.08	0.0833333333333333	0.114285714285714	0.1	0.0888888888888889	0.08	

MAP:	0.11584588776428

NDCG:	0	0.1	0.119555864350166	0.135525561512156	0.133594473793474	0.151561672417221	0.186600381671205	0.185170870963337	0.183995188297553	0.183004929652953	

