precision:	0.2	0.1	0.1	0.1	0.08	0.0666666666666667	0.0571428571428571	0.05	0.0555555555555556	0.05	

MAP:	0.0894754311569631

NDCG:	0.2	0.1	0.139111728700333	0.145976452340902	0.138252101466171	0.132750334514253	0.128558872479746	0.125219702406445	0.12884201543417	0.126164031477682	

