precision:	0.1	0.05	0.0666666666666667	0.05	0.06	0.05	0.0571428571428571	0.05	0.0444444444444444	0.04	

MAP:	0.0430727120910917

NDCG:	0.1	0.05	0.0619906233284066	0.0520909085140302	0.0578841716700783	0.0522129329334415	0.0657027199961629	0.0629797440837718	0.0607402676238022	0.0588539925358005	

