precision:	0.2	0.1	0.1	0.1	0.08	0.0833333333333333	0.0857142857142857	0.0875	0.0777777777777778	0.08	

MAP:	0.116802993696672

NDCG:	0.2	0.1	0.1	0.140100285185624	0.133801348351311	0.139112414592337	0.143158593339376	0.157102284093651	0.154862807633682	0.159969641285497	

