precision:	0.1	0.05	0.0333333333333333	0.05	0.04	0.0666666666666667	0.0571428571428571	0.05	0.0555555555555556	0.06	

MAP:	0.0330986859398605

NDCG:	0.1	0.05	0.0380093766715934	0.0479090914859699	0.0421158283299217	0.0575846310171341	0.0528195556367879	0.049669294423467	0.0534469731094343	0.0593519362336083	

