precision:	0.2	0.1	0.1	0.075	0.1	0.0833333333333333	0.0714285714285714	0.0875	0.0777777777777778	0.07	

MAP:	0.0736919278817958

NDCG:	0.2	0.1	0.1	0.0901002851856236	0.107985748332032	0.101129768568308	0.0959066140544701	0.109010666419539	0.105722106047008	0.102952204412865	

