precision:	0.1	0.1	0.0666666666666667	0.05	0.04	0.0333333333333333	0.0428571428571429	0.0375	0.0333333333333333	0.04	

MAP:	0.0574085517236021

NDCG:	0.1	0.1	0.0760187533431869	0.0638787886479598	0.0561544377732289	0.0506526708213106	0.0642715681422047	0.0642715681422047	0.0642715681422047	0.0712646768820222	

