precision:	0	0.05	0.1	0.125	0.1	0.0833333333333333	0.0714285714285714	0.075	0.0666666666666667	0.07	

MAP:	0.0645826835253148

NDCG:	0	0.05	0.0859718699852197	0.10418181702806	0.0915839433594359	0.0826109479403363	0.0757749677972937	0.088883866033244	0.0859578252209271	0.0892222680921972	

