precision:	0.1	0.1	0.133333333333333	0.1	0.1	0.0833333333333333	0.0714285714285714	0.075	0.0666666666666667	0.06	

MAP:	0.122510535583073

NDCG:	0.1	0.1	0.13597186998522	0.12224242270408	0.125598924463182	0.119927685726545	0.115607113433865	0.128831753051145	0.126000902246846	0.1236165220377	

