precision:	0	0.05	0.0666666666666667	0.075	0.06	0.05	0.0428571428571429	0.0375	0.0333333333333333	0.04	

MAP:	0.0370352134048789

NDCG:	0	0.05	0.0619906233284066	0.0680606056760201	0.0598305811230252	0.0553440834134754	0.0519260933419541	0.0508727024662135	0.0500063547109386	0.056269752637746	

