precision:	0.1	0.05	0.0666666666666667	0.05	0.04	0.05	0.0714285714285714	0.0625	0.0555555555555556	0.06	

MAP:	0.0579710822185478

NDCG:	0.1	0.05	0.0619906233284066	0.0520909085140302	0.045791971679718	0.0511030379207437	0.0729595760231835	0.0702366001107924	0.0679971236508228	0.0731039573026385	

