precision:	0.1	0.1	0.133333333333333	0.125	0.12	0.133333333333333	0.114285714285714	0.1125	0.1	0.1	

MAP:	0.119024095350846

NDCG:	0.1	0.1	0.131546487678573	0.131546487678573	0.140988115591882	0.153345862307524	0.146210662364284	0.148269868896352	0.143594866343477	0.146650295447246	

