precision:	0.1	0.15	0.1	0.1	0.1	0.0833333333333333	0.0857142857142857	0.075	0.0777777777777778	0.07	

MAP:	0.0900230740028869

NDCG:	0.1	0.15	0.11402813001478	0.11178788013393	0.110362466093511	0.100734373927654	0.10167422361306	0.0958306759847827	0.0983531652709739	0.0943051903085031	

