precision:	0.2	0.15	0.133333333333333	0.125	0.12	0.1	0.0857142857142857	0.0875	0.0777777777777778	0.07	

MAP:	0.158686295357514

NDCG:	0.2	0.15	0.15	0.156069982347614	0.159932157784979	0.154260919048342	0.149940346755662	0.163164986372942	0.160334135568643	0.157949755359497	

