precision:	0.1	0.05	0.0666666666666667	0.05	0.06	0.0666666666666667	0.0857142857142857	0.075	0.0666666666666667	0.07	

MAP:	0.078288696294349

NDCG:	0.1	0.05	0.0619906233284066	0.0520909085140302	0.0888596274870573	0.094170693728083	0.116027231830523	0.113304255918132	0.111064779458162	0.116171613109978	

