precision:	0.1	0.1	0.0666666666666667	0.075	0.08	0.0666666666666667	0.1	0.1125	0.111111111111111	0.1	

MAP:	0.107762904063555

NDCG:	0.1	0.1	0.0760187533431869	0.0798484858099498	0.0917268751202058	0.0848496664303079	0.115696913649785	0.135376624177076	0.13881453259973	0.135537600487254	

