precision:	0.1	0.15	0.133333333333333	0.1	0.1	0.1	0.114285714285714	0.125	0.133333333333333	0.12	

MAP:	0.142161927103878

NDCG:	0.1	0.15	0.177121105371926	0.158911158329085	0.168858459920659	0.170403373443357	0.189390708565557	0.207589742916178	0.218667264688931	0.214364630302431	

