precision:	0.1	0.15	0.1	0.075	0.1	0.0833333333333333	0.114285714285714	0.125	0.122222222222222	0.11	

MAP:	0.112905631843708

NDCG:	0.1	0.15	0.11402813001478	0.0958181829719397	0.117857684553873	0.108420293098909	0.137317092588601	0.155442959460571	0.157602929186548	0.153249609815432	

