precision:	0.2	0.15	0.1	0.1	0.1	0.1	0.1	0.1	0.0888888888888889	0.08	

MAP:	0.0910884579737188

NDCG:	0.2	0.15	0.11402813001478	0.117857862481543	0.12029462387849	0.122030238112081	0.123352497166348	0.12632735118298	0.122405411107806	0.119102023913223	

