precision:	0.1	0.05	0.0666666666666667	0.05	0.06	0.0666666666666667	0.0571428571428571	0.0625	0.0555555555555556	0.06	

MAP:	0.0360425847713567

NDCG:	0.1	0.05	0.0619906233284066	0.0520909085140301	0.0578841716700783	0.062010496884017	0.0568791851641044	0.0606241645669682	0.0573356041944374	0.0630177876399886	

