precision:	0.1	0.1	0.133333333333333	0.1	0.1	0.0833333333333333	0.0857142857142857	0.0875	0.0777777777777778	0.09	

MAP:	0.132611876677064

NDCG:	0.1	0.1	0.170658216378905	0.158518251683678	0.172327728712617	0.166825961760699	0.170909407971985	0.174719054506941	0.171483678784115	0.181480682563613	

