precision:	0.2	0.1	0.0666666666666667	0.075	0.08	0.0833333333333333	0.0714285714285714	0.0625	0.0555555555555556	0.05	

MAP:	0.120517475221625

NDCG:	0.2	0.1	0.0880093766715934	0.103979073833583	0.114140186105261	0.12137756729077	0.118616380133752	0.117781587615427	0.117095023263079	0.116516741125583	

