precision:	0.2	0.2	0.166666666666667	0.125	0.1	0.0833333333333333	0.0857142857142857	0.075	0.0666666666666667	0.06	

MAP:	0.222354387419021

NDCG:	0.2	0.25	0.261990623328407	0.25209090851403	0.245791971679718	0.241305473970168	0.24616239214444	0.244514283079156	0.243158817010445	0.24201712969033	

