precision:	0.3	0.15	0.1	0.1	0.1	0.0833333333333333	0.0714285714285714	0.0625	0.0555555555555556	0.05	

MAP:	0.118339304666471

NDCG:	0.3	0.15	0.126018753343187	0.12984848580995	0.132285247206896	0.124223297489912	0.118081387725619	0.116411802688969	0.115038673984274	0.113882109709283	

