precision:	0.1	0.05	0.0333333333333333	0.05	0.06	0.05	0.0571428571428571	0.05	0.0444444444444444	0.04	

MAP:	0.0361902705147742

NDCG:	0.1	0.05	0.0380093766715934	0.0479090914859699	0.054208028320282	0.0488969620792563	0.0531256915780106	0.05145610654136	0.0500829778366654	0.0489264135616737	

