precision:	0.2	0.2	0.133333333333333	0.15	0.14	0.116666666666667	0.128571428571429	0.125	0.122222222222222	0.12	

MAP:	0.209510294513515

NDCG:	0.2	0.25	0.21402813001478	0.23678788013393	0.239640013622588	0.230011921456731	0.248762130497537	0.250105589321511	0.25217036903947	0.25346587274877	

