precision:	0.1	0.1	0.133333333333333	0.1	0.1	0.0833333333333333	0.0714285714285714	0.075	0.0777777777777778	0.08	

MAP:	0.121959569037451

NDCG:	0.1	0.15	0.18597186998522	0.17224242270408	0.175598924463182	0.168192071492954	0.162549240146007	0.175439540024542	0.178702286246412	0.181450445035663	

