precision:	0	0.05	0.133333333333333	0.1	0.1	0.0833333333333333	0.0714285714285714	0.0625	0.0555555555555556	0.05	

MAP:	0.0852078791737051

NDCG:	0	0.05	0.117518357663793	0.103788910382653	0.107145412141755	0.101474173405118	0.0971536011124382	0.0937115740630516	0.0908807232587524	0.0884963430496066	

