precision:	0.1	0.1	0.0666666666666667	0.075	0.06	0.0666666666666667	0.0571428571428571	0.05	0.0444444444444444	0.04	

MAP:	0.0592688839719345

NDCG:	0.1	0.1	0.0760187533431869	0.0888787886479598	0.0811544377732289	0.0949953111830377	0.0908038491485307	0.0874646790752296	0.0847184216658403	0.0824052931158569	

