precision:	0.1	0.05	0.0333333333333333	0.05	0.04	0.0333333333333333	0.0285714285714286	0.0375	0.0333333333333333	0.04	

MAP:	0.03754220664091

NDCG:	0.1	0.05	0.0380093766715934	0.0509440826597766	0.0470819072224112	0.044331023746452	0.0422352927291985	0.0483092424903486	0.0469361137856539	0.0527726582504797	

