precision:	0	0	0	0.025	0.02	0.0333333333333333	0.0428571428571429	0.0375	0.0444444444444444	0.04	

MAP:	0.0473953691357051

NDCG:	0	0	0	0.01596969716199	0.0140386094433072	0.0224607316559032	0.0288770349658364	0.0288770349658364	0.0604235226444093	0.0604235226444093	

