precision:	0.1	0.1	0.0666666666666667	0.05	0.04	0.05	0.0571428571428571	0.05	0.0666666666666667	0.06	

MAP:	0.068691354620826

NDCG:	0.1	0.1	0.0760187533431869	0.0638787886479598	0.0561544377732289	0.0604502347718862	0.0637229415559391	0.059737887824293	0.0701574419105355	0.0670320378175194	

