precision:	0.2	0.1	0.133333333333333	0.1	0.08	0.0666666666666667	0.0571428571428571	0.0625	0.0555555555555556	0.05	

MAP:	0.05808825874788

NDCG:	0.2	0.1	0.123981246656813	0.10418181702806	0.0915839433594359	0.0826109479403363	0.0757749677972937	0.0897186585515693	0.0874791820915997	0.085592907003598	

