precision:	0.1	0.1	0.0666666666666667	0.05	0.04	0.0333333333333333	0.0571428571428571	0.05	0.0555555555555556	0.05	

MAP:	0.0636010128986826

NDCG:	0.1	0.1	0.0760187533431869	0.0638787886479598	0.0561544377732289	0.0506526708213106	0.0630110252783895	0.0590771370155454	0.0631702010453421	0.0604450959882543	

