precision:	0.2	0.1	0.1	0.075	0.08	0.0666666666666667	0.0571428571428571	0.0625	0.0555555555555556	0.05	

MAP:	0.064426479626421

NDCG:	0.2	0.1	0.1	0.0840303028380101	0.0859613905566928	0.0775392683440968	0.0711229650341636	0.0850666557884392	0.0828271793284696	0.0809409042404679	

