precision:	0.1	0.1	0.1	0.1	0.08	0.0833333333333333	0.0714285714285714	0.0625	0.0555555555555556	0.05	

MAP:	0.0400678354252145

NDCG:	0.1	0.1	0.1	0.1	0.0879078000096396	0.0890925410367267	0.0817202150120921	0.078351355441356	0.075580680287281	0.0732469850627516	

