precision:	0	0.1	0.133333333333333	0.1	0.08	0.0666666666666667	0.0571428571428571	0.05	0.0444444444444444	0.04	

MAP:	0.0361448883334094

NDCG:	0	0.1	0.123981246656813	0.10418181702806	0.0915839433594359	0.0826109479403363	0.0757749677972937	0.0730519918849026	0.070812515424933	0.0689262403369313	

