precision:	0	0	0	0.025	0.02	0.05	0.0428571428571429	0.0375	0.0777777777777778	0.09	

MAP:	0.0410656399106316

NDCG:	0	0	0	0.01596969716199	0.0140386094433072	0.0322582956064788	0.029588951243386	0.0281082750667157	0.0614355219349586	0.0808254641343967	

