precision:	0.3	0.15	0.133333333333333	0.1	0.08	0.1	0.0857142857142857	0.075	0.0777777777777778	0.07	

MAP:	0.0764796589690876

NDCG:	0.3	0.15	0.138009376671593	0.122039679509603	0.111878567237926	0.124236313953568	0.117101114010327	0.112062669402941	0.116776241940723	0.113285982441201	

