precision:	0.1	0.05	0.0333333333333333	0.05	0.04	0.05	0.0428571428571429	0.0375	0.0333333333333333	0.03	

MAP:	0.037786585258514

NDCG:	0.1	0.05	0.0380093766715934	0.0479090914859699	0.0421158283299217	0.0477870670665585	0.0438327311134453	0.0421631460767947	0.0407900173721001	0.0396334530971084	

