precision:	0.3	0.2	0.166666666666667	0.15	0.12	0.1	0.0857142857142857	0.075	0.0666666666666667	0.07	

MAP:	0.108682578832663

NDCG:	0.3	0.2	0.176018753343187	0.169948770995573	0.153994395567847	0.1426306891684	0.133973371553745	0.132919980678004	0.132053632922729	0.137052922206487	

