precision:	0.4	0.2	0.166666666666667	0.15	0.12	0.1	0.1	0.1	0.0888888888888889	0.08	

MAP:	0.1490003960497

NDCG:	0.4	0.2	0.188009376671593	0.185769126790743	0.176113688197329	0.169236479507431	0.172272060210091	0.179459066662341	0.179001357094109	0.178615835669112	

