precision:	0.1	0.15	0.1	0.075	0.16	0.133333333333333	0.128571428571429	0.1125	0.1	0.1	

MAP:	0.129196536734243

NDCG:	0.1	0.15	0.126018753343187	0.11387878864796	0.181582589499746	0.175277482942525	0.17874891350759	0.177310811233599	0.176128062544939	0.182124961042469	

