precision:	0.2	0.3	0.233333333333333	0.175	0.16	0.133333333333333	0.142857142857143	0.125	0.111111111111111	0.1	

MAP:	0.214791195826098

NDCG:	0.2	0.4	0.388009376671593	0.36596969716199	0.364038609443307	0.352865603754752	0.360903385919151	0.356250446519312	0.352423696452156	0.349200486273924	

