precision:	0.3	0.2	0.133333333333333	0.1	0.08	0.0666666666666667	0.0714285714285714	0.075	0.0777777777777778	0.07	

MAP:	0.147630987819111

NDCG:	0.3	0.2	0.16402813001478	0.151888165319553	0.144163814444822	0.138662047492904	0.14274549370419	0.14993250015644	0.156803230340831	0.156417708915834	

