precision:	0.2	0.2	0.133333333333333	0.125	0.1	0.133333333333333	0.114285714285714	0.1125	0.1	0.09	

MAP:	0.102022613807557

NDCG:	0.2	0.2	0.152037506686374	0.14372727445791	0.13020966042713	0.149974260113	0.140206983270914	0.143965464337068	0.140688008233574	0.137927459547063	

