precision:	0	0.05	0.0333333333333333	0.025	0.02	0.0333333333333333	0.0428571428571429	0.0375	0.0333333333333333	0.03	

MAP:	0.0419500852171394

NDCG:	0	0.05	0.0380093766715934	0.0319393943239799	0.0280772188866144	0.0640116161341095	0.0701907933626489	0.0701907933626489	0.0701907933626489	0.0701907933626489	

