precision:	0.1	0.05	0.0333333333333333	0.075	0.1	0.1	0.142857142857143	0.125	0.133333333333333	0.13	

MAP:	0.125074066577389

NDCG:	0.1	0.05	0.0380093766715934	0.0669137798217666	0.0869682650704793	0.0914547627800291	0.161843044065671	0.160289200410351	0.197886189144869	0.203802910626046	

