precision:	0.3	0.15	0.133333333333333	0.125	0.12	0.1	0.0857142857142857	0.0875	0.0777777777777778	0.07	

MAP:	0.169210230737132

NDCG:	0.3	0.15	0.189111728700333	0.226971764005106	0.2352017885581	0.231266164055054	0.228267850816642	0.236011385614443	0.236011385614443	0.236011385614443	

