precision:	0.2	0.15	0.133333333333333	0.125	0.1	0.0833333333333333	0.0714285714285714	0.075	0.0666666666666667	0.06	

MAP:	0.0877958794077605

NDCG:	0.2	0.15	0.138009376671593	0.13193939432398	0.115985018896254	0.104621312496806	0.0959639948821514	0.102037944643301	0.100664815938607	0.0995082516636151	

