precision:	0.2	0.3	0.266666666666667	0.225	0.2	0.166666666666667	0.171428571428571	0.15	0.133333333333333	0.12	

MAP:	0.249667590769697

NDCG:	0.2	0.4	0.411990623328407	0.41112121135204	0.406753362236411	0.393844742314265	0.400560265424396	0.395907326024557	0.392080575957401	0.388857365779169	

