precision:	0	0.05	0.1	0.1	0.08	0.0833333333333333	0.0714285714285714	0.0625	0.0555555555555556	0.05	

MAP:	0.107408310534653

NDCG:	0	0.1	0.187074222013959	0.199214186709186	0.196777425312239	0.204839375029224	0.202706376547723	0.202706376547723	0.202706376547723	0.202706376547723	

