precision:	0	0.2	0.133333333333333	0.1	0.1	0.1	0.1	0.0875	0.0777777777777778	0.08	

MAP:	0.114920570612326

NDCG:	0	0.25	0.21402813001478	0.19581818297194	0.201849380511609	0.208703457915294	0.215889037690865	0.214219452654215	0.21284632394952	0.217418759771296	

