precision:	0.1	0.1	0.0666666666666667	0.1	0.08	0.0666666666666667	0.0571428571428571	0.05	0.0444444444444444	0.04	

MAP:	0.068832418734495

NDCG:	0.1	0.1	0.0760187533431869	0.0988531741457465	0.0930599109896983	0.0889335857757596	0.0857899892498794	0.0832856116949035	0.0812259186378615	0.079491072225374	

