precision:	0.2	0.1	0.0666666666666667	0.075	0.08	0.0666666666666667	0.0571428571428571	0.05	0.0555555555555556	0.05	

MAP:	0.0806275856782522

NDCG:	0.2	0.1	0.0760187533431869	0.0798484858099498	0.0858796833496194	0.0803779163977011	0.0761864543631941	0.0761864543631941	0.0862622114582192	0.0862622114582192	

