precision:	0.1	0.05	0.0333333333333333	0.025	0.04	0.0333333333333333	0.0285714285714286	0.0375	0.0333333333333333	0.03	

MAP:	0.0351916824128464

NDCG:	0.1	0.05	0.0380093766715934	0.0319393943239799	0.041832767301015	0.0390818838250558	0.0369861528078024	0.0459630325458118	0.0445899038411171	0.0434333395661254	

