precision:	0	0	0.0333333333333333	0.025	0.04	0.0333333333333333	0.0285714285714286	0.025	0.0222222222222222	0.02	

MAP:	0.0517888814087696

NDCG:	0	0	0.0239812466568131	0.0201515141900502	0.0298069527834639	0.0268865975227861	0.02466175624736	0.0236083653716194	0.0227420176163445	0.0220123068033345	

