precision:	0.1	0.05	0.0666666666666667	0.05	0.06	0.05	0.0428571428571429	0.0375	0.0333333333333333	0.03	

MAP:	0.041913263139753

NDCG:	0.1	0.05	0.0619906233284066	0.0520909085140302	0.0578841716700783	0.0522129329334415	0.0478923606407618	0.0468389697650212	0.0459726220097464	0.0452429111967363	

