precision:	0.4	0.2	0.166666666666667	0.15	0.12	0.1	0.0857142857142857	0.075	0.0777777777777778	0.08	

MAP:	0.14692491181964

NDCG:	0.4	0.2	0.188009376671593	0.18193939432398	0.171778282052302	0.164540900866793	0.159027179778019	0.159027179778019	0.165395750215133	0.172024003548446	

