precision:	0.1	0.05	0.0666666666666667	0.075	0.08	0.0666666666666667	0.0571428571428571	0.05	0.0555555555555556	0.06	

MAP:	0.0595359105288268

NDCG:	0.1	0.05	0.0619906233284066	0.0680606056760201	0.0738538688320683	0.0681826300954314	0.0638620578027517	0.0620896157900157	0.0679603334430336	0.0724615176056472	

