precision:	0	0.05	0.0333333333333333	0.025	0.04	0.05	0.0428571428571429	0.0375	0.0333333333333333	0.04	

MAP:	0.0367109910162031

NDCG:	0	0.05	0.0380093766715934	0.0319393943239799	0.0401694188769748	0.0749190750973828	0.0719207618589709	0.0695321256853249	0.0675676226363005	0.0716419533369324	

