precision:	0.2	0.3	0.3	0.25	0.22	0.183333333333333	0.157142857142857	0.1375	0.122222222222222	0.11	

MAP:	0.232111840756165

NDCG:	0.2	0.35	0.420658216378905	0.414588234031292	0.415003606123003	0.403639899723555	0.3949825821089	0.392259606196509	0.39002012973654	0.388133854648538	

