precision:	0	0.05	0.0333333333333333	0.025	0.02	0.0166666666666667	0.0285714285714286	0.0375	0.0333333333333333	0.03	

MAP:	0.0823435819325852

NDCG:	0	0.1	0.1	0.1	0.1	0.1	0.108274908245793	0.1148671965085	0.113920368626832	0.113122870694731	

