precision:	0.1	0.1	0.1	0.075	0.14	0.133333333333333	0.128571428571429	0.1125	0.1	0.09	

MAP:	0.0962387538401758

NDCG:	0.1	0.1	0.10756524102176	0.0954252763265327	0.141595249274649	0.145087706668004	0.147748397805835	0.146310295531844	0.145127546843185	0.144131336600897	

