precision:	0.1	0.05	0.0666666666666667	0.05	0.06	0.05	0.0428571428571429	0.0375	0.0333333333333333	0.03	

MAP:	0.0484676963373719

NDCG:	0.1	0.05	0.0619906233284066	0.0520909085140301	0.0578841716700783	0.0522129329334415	0.0478923606407618	0.0471733095037663	0.0465819351594366	0.0460838300382925	

