precision:	0.1	0.15	0.166666666666667	0.175	0.18	0.15	0.142857142857143	0.1375	0.144444444444444	0.13	

MAP:	0.18455412921533

NDCG:	0.1	0.15	0.201102352028739	0.251102352028739	0.276913727461485	0.268300904537997	0.270014226186388	0.275034785071798	0.287452188117073	0.285565913029072	

