precision:	0	0.15	0.133333333333333	0.125	0.12	0.1	0.0857142857142857	0.075	0.0777777777777778	0.08	

MAP:	0.107509527595676

NDCG:	0	0.2	0.2	0.2	0.203862175437365	0.196815494962749	0.191447057161443	0.189777472124792	0.19573278317272	0.200305218994496	

