precision:	0	0	0	0	0	0.0166666666666667	0.0142857142857143	0.0125	0.0222222222222222	0.02	

MAP:	0.0229387953730782

NDCG:	0	0	0	0	0	0.00979756395057558	0.00898682452334257	0.00834094086499751	0.0151381819235146	0.0146907617869869	

