precision:	0.3	0.3	0.233333333333333	0.2	0.16	0.133333333333333	0.114285714285714	0.1	0.0888888888888889	0.08	

MAP:	0.287568486976944

NDCG:	0.3	0.4	0.388009376671593	0.3910443678454	0.380883255573723	0.373645874388214	0.368132153299439	0.366462568262788	0.365089439558094	0.363932875283102	

