precision:	0.1	0.1	0.133333333333333	0.125	0.1	0.0833333333333333	0.0714285714285714	0.0625	0.0555555555555556	0.05	

MAP:	0.059847414585622

NDCG:	0.1	0.1	0.123981246656813	0.12015151419005	0.10805931419969	0.0994464912762014	0.0928849046787998	0.0920501121604745	0.0913635478081272	0.0907852656706314	

