precision:	0.1	0.1	0.1	0.1	0.08	0.0666666666666667	0.0571428571428571	0.05	0.0444444444444444	0.04	

MAP:	0.0703436353286185

NDCG:	0.1	0.1	0.1	0.103829732466763	0.0980364693107147	0.093910144096776	0.0907665475708958	0.0882621700159199	0.0862024769588779	0.0844676305463904	

