precision:	0.1	0.05	0.0333333333333333	0.025	0.04	0.0333333333333333	0.0428571428571429	0.0375	0.0333333333333333	0.03	

MAP:	0.0478244860107669

NDCG:	0.1	0.05	0.0380093766715934	0.0319393943239799	0.0444469664060514	0.0416960829300923	0.0478752601586317	0.0478752601586317	0.0478752601586317	0.0478752601586317	

