precision:	0	0.05	0.0333333333333333	0.025	0.04	0.0333333333333333	0.0428571428571429	0.0375	0.0333333333333333	0.05	

MAP:	0.031949307205478

NDCG:	0	0.05	0.0380093766715934	0.0319393943239799	0.0401694188769748	0.0362337943739286	0.0415103893813097	0.0391217532076636	0.0371572501586393	0.0713345804256693	

