precision:	0.2	0.1	0.1	0.075	0.06	0.05	0.0428571428571429	0.0375	0.0444444444444444	0.04	

MAP:	0.0713498978920412

NDCG:	0.2	0.1	0.10756524102176	0.0954252763265327	0.0877009254518018	0.0821991584998835	0.0780076964653765	0.0780076964653765	0.0843762669024913	0.0840114114959863	

