precision:	0	0	0.0333333333333333	0.05	0.04	0.05	0.0428571428571429	0.0375	0.0444444444444444	0.04	

MAP:	0.0325136659057481

NDCG:	0	0	0.0239812466568131	0.0361212113520402	0.0317533622364107	0.0479849466265676	0.045614822063673	0.0437266386696072	0.0485422969990998	0.0468694486420889	

