precision:	0.1	0.1	0.1	0.1	0.08	0.0833333333333333	0.0714285714285714	0.075	0.0777777777777778	0.08	

MAP:	0.11974551369078

NDCG:	0.1	0.1	0.139111728700333	0.142941461167095	0.133286022573682	0.13620637783436	0.130156310863993	0.133079999411822	0.144889222795266	0.148543500711077	

