precision:	0	0	0	0	0.02	0.0333333333333333	0.0285714285714286	0.025	0.0222222222222222	0.02	

MAP:	0.0484996145678063

NDCG:	0	0	0	0	0.0430676558073393	0.0539294067529648	0.0539294067529648	0.0539294067529648	0.0539294067529648	0.0539294067529648	

