precision:	0	0	0	0	0.02	0.0166666666666667	0.0142857142857143	0.0125	0.0111111111111111	0.01	

MAP:	0.00916286558894981

NDCG:	0	0	0	0	0.0120921999903604	0.0109074589632733	0.0100048767421149	0.00928582560511944	0.00869445126078976	0.0081963461396457	

