precision:	0	0	0	0	0	0	0.0285714285714286	0.0375	0.0555555555555556	0.05	

MAP:	0.0433173103391824

NDCG:	0	0	0	0	0	0	0.0165498164915858	0.0231421047542933	0.0358922870623625	0.0347299337237559	

