precision:	0.2	0.1	0.0666666666666667	0.075	0.08	0.0833333333333333	0.0714285714285714	0.075	0.0666666666666667	0.07	

MAP:	0.0812780748222747

NDCG:	0.2	0.1	0.0760187533431869	0.0949487709955733	0.103178795548568	0.109040734996098	0.105231682330453	0.111305632091603	0.109932503386908	0.123827438895116	

