precision:	0.1	0.05	0.0666666666666667	0.075	0.08	0.0666666666666667	0.0714285714285714	0.0625	0.0555555555555556	0.06	

MAP:	0.0579079558518088

NDCG:	0.1	0.05	0.0619906233284066	0.0770909085140301	0.0828841716700783	0.0783976739605285	0.0832545921348001	0.0799368980328661	0.07720830325946	0.0806390517611215	

