precision:	0.1	0.05	0.0333333333333333	0.025	0.02	0.0166666666666667	0.0285714285714286	0.025	0.0222222222222222	0.02	

MAP:	0.0782424883437778

NDCG:	0.1	0.05	0.05	0.05	0.05	0.05	0.0635392131479176	0.0635392131479176	0.0635392131479176	0.0635392131479176	

