precision:	0	0	0	0	0	0	0	0	0	0.01	

MAP:	0.0290028996383977

NDCG:	0	0	0	0	0	0	0	0	0	0.00572900009676766	

