precision:	0	0	0.0333333333333333	0.05	0.04	0.05	0.0428571428571429	0.0375	0.0333333333333333	0.04	

MAP:	0.0775161150739412

NDCG:	0	0	0.0239812466568131	0.0361212113520402	0.0317533622364107	0.0384398702154161	0.0352590062252885	0.0327249391728776	0.03064082837115	0.034614415380884	

