precision:	0.1	0.15	0.166666666666667	0.125	0.1	0.0833333333333333	0.0714285714285714	0.0625	0.0555555555555556	0.05	

MAP:	0.0726288240858596

NDCG:	0.1	0.15	0.161990623328407	0.13612121135204	0.11966116224605	0.107937283350992	0.0990055721906955	0.0946130112416539	0.0910004060769896	0.0879575667139962	

