precision:	0.2	0.15	0.133333333333333	0.1	0.12	0.116666666666667	0.1	0.1125	0.1	0.09	

MAP:	0.0887428240856268

NDCG:	0.2	0.15	0.138009376671593	0.122039679509603	0.136062967218647	0.136253667929539	0.128124042971215	0.137942972135228	0.133281283058003	0.129354817148868	

