precision:	0	0	0.0333333333333333	0.025	0.02	0.0166666666666667	0.0285714285714286	0.025	0.0222222222222222	0.03	

MAP:	0.0552684413162001

NDCG:	0	0	0.0630929753571457	0.0630929753571457	0.0630929753571457	0.0630929753571457	0.0713678836029387	0.0713678836029387	0.0713678836029387	0.0770968836997063	

