precision:	0	0	0	0	0.02	0.0333333333333333	0.0285714285714286	0.0375	0.0333333333333333	0.03	

MAP:	0.0604503891812759

NDCG:	0	0	0	0	0.0120921999903604	0.0207050229138489	0.0189917012654575	0.0248137729223674	0.0232334903157007	0.0219024436330317	

