precision:	0.3	0.15	0.166666666666667	0.125	0.1	0.0833333333333333	0.0857142857142857	0.0875	0.0888888888888889	0.08	

MAP:	0.0996265095751627

NDCG:	0.3	0.15	0.161990623328407	0.13612121135204	0.123523337683416	0.114550342264316	0.119091403931352	0.120832458558821	0.122264366507765	0.119627714588261	

