precision:	0.3	0.2	0.166666666666667	0.125	0.12	0.1	0.1	0.0875	0.0777777777777778	0.08	

MAP:	0.0573980497533201

NDCG:	0.3	0.2	0.176018753343187	0.14790909148597	0.142115828329922	0.128191939165407	0.128961215631046	0.120510433471708	0.113560196553325	0.117320839254062	

