precision:	0	0	0	0.05	0.04	0.0666666666666667	0.0571428571428571	0.05	0.0555555555555556	0.05	

MAP:	0.0511919059683727

NDCG:	0	0	0	0.0319393943239799	0.0300083066052972	0.0482279927684688	0.045558648405376	0.0434320885703606	0.0480516972669172	0.0462137194498609	

