precision:	0.2	0.1	0.1	0.125	0.1	0.0833333333333333	0.0857142857142857	0.0875	0.0777777777777778	0.08	

MAP:	0.0855406085274789

NDCG:	0.2	0.1	0.1	0.11596969716199	0.105808584890312	0.0985712037048034	0.101332390861821	0.106991576497897	0.102889853019796	0.105164037246466	

