precision:	0.1	0.05	0.0333333333333333	0.025	0.02	0.0333333333333333	0.0428571428571429	0.075	0.0666666666666667	0.07	

MAP:	0.0622823229866148

NDCG:	0.1	0.05	0.0380093766715934	0.0319393943239799	0.0280772188866144	0.0376821797662579	0.0438613569947974	0.0666175314477647	0.0638398652931703	0.0676148031828447	

