precision:	0.1	0.05	0.0333333333333333	0.05	0.04	0.0666666666666667	0.0714285714285714	0.0625	0.0555555555555556	0.05	

MAP:	0.144584249017369

NDCG:	0.1	0.1	0.1	0.11596969716199	0.114038609443307	0.132258295606479	0.137863859489179	0.136383183312509	0.135165420266056	0.134139717992032	

