precision:	0.1	0.05	0.1	0.075	0.08	0.0666666666666667	0.0571428571428571	0.05	0.0444444444444444	0.04	

MAP:	0.0426096553767532

NDCG:	0.1	0.05	0.0859718699852197	0.0722424227040804	0.0755989244631819	0.069927685726545	0.0656071134338653	0.0648880622968698	0.0642966879525401	0.0637985828313961	

