precision:	0	0	0	0.05	0.04	0.05	0.0428571428571429	0.0375	0.0333333333333333	0.03	

MAP:	0.0437975765802165

NDCG:	0	0	0	0.0659696971619899	0.0640386094433072	0.0724607316559032	0.0706021267200435	0.0691214505433732	0.0679036874969204	0.0668779852228968	

