precision:	0	0	0.0333333333333333	0.05	0.04	0.05	0.0428571428571429	0.0375	0.0333333333333333	0.03	

MAP:	0.0163231997254382

NDCG:	0	0	0.0239812466568131	0.0361212113520402	0.0317533622364107	0.039504057210466	0.0371339326475714	0.0360805417718309	0.035214194016556	0.034484483203546	

