precision:	0	0	0.0333333333333333	0.025	0.04	0.0333333333333333	0.0428571428571429	0.0375	0.0333333333333333	0.03	

MAP:	0.0221324187181829

NDCG:	0	0	0.0239812466568131	0.0201515141900502	0.0392485806967732	0.0375129664631825	0.0444656156547076	0.0434122247789671	0.0425458770236922	0.0418161662106821	

