precision:	0	0	0	0	0	0	0.0142857142857143	0.0125	0.0222222222222222	0.03	

MAP:	0.0416233908291399

NDCG:	0	0	0	0	0	0	0.00827490824579292	0.00827490824579292	0.0156033479984154	0.0213323480951831	

