precision:	0.2	0.2	0.133333333333333	0.1	0.08	0.0666666666666667	0.0571428571428571	0.0625	0.0555555555555556	0.05	

MAP:	0.0567965225832395

NDCG:	0.2	0.2	0.152037506686374	0.12775757729592	0.112308875546458	0.101305341642621	0.0929224175736073	0.098942320462511	0.0961960630531216	0.0938829345031383	

