precision:	0	0	0	0	0	0.0166666666666667	0.0285714285714286	0.05	0.0666666666666667	0.06	

MAP:	0.0499977586076387

NDCG:	0	0	0	0	0	0.00979756395057558	0.0172617327691355	0.0404695222297075	0.0531776241571078	0.0519798271890779	

