precision:	0.2	0.15	0.1	0.075	0.06	0.05	0.0428571428571429	0.0375	0.0333333333333333	0.03	

MAP:	0.131881506803171

NDCG:	0.2	0.15	0.138009376671593	0.13193939432398	0.128077218886614	0.128077218886614	0.128077218886614	0.128077218886614	0.128077218886614	0.128077218886614	

