precision:	0	0.05	0.0666666666666667	0.05	0.06	0.05	0.0428571428571429	0.0375	0.0333333333333333	0.03	

MAP:	0.0206744109311731

NDCG:	0	0.05	0.0619906233284066	0.0520909085140302	0.0578841716700783	0.0539485471670321	0.0509502339286203	0.0492806488919697	0.0479075201872751	0.0467509559122834	

