precision:	0.2	0.2	0.166666666666667	0.125	0.1	0.0833333333333333	0.0714285714285714	0.0625	0.0555555555555556	0.06	

MAP:	0.109250129664298

NDCG:	0.2	0.2	0.188009376671593	0.16596969716199	0.151946409452947	0.141958144791479	0.13434869268545	0.131009522612149	0.12826326520276	0.156053136219175	

