precision:	0.2	0.1	0.1	0.1	0.08	0.0666666666666667	0.0571428571428571	0.0625	0.0666666666666667	0.06	

MAP:	0.0813864881380502

NDCG:	0.2	0.1	0.1	0.1	0.0917699754470051	0.0859080359994757	0.0814421804193276	0.0850714184408617	0.0880562384974281	0.0848413044404283	

