precision:	0.1	0.05	0.0333333333333333	0.025	0.02	0.05	0.0428571428571429	0.05	0.0555555555555556	0.06	

MAP:	0.0455686280361502

NDCG:	0.1	0.05	0.0380093766715934	0.0319393943239799	0.0280772188866144	0.0449214633118065	0.041204253440087	0.0454299075389967	0.0489052423149744	0.0522798811687204	

