precision:	0	0	0	0	0.04	0.05	0.0428571428571429	0.0375	0.0333333333333333	0.03	

MAP:	0.0244700273723094

NDCG:	0	0	0	0	0.0241843999807207	0.0316124818771222	0.0289965780075724	0.0269125920752364	0.0251986446924716	0.0237550143136557	

