precision:	0.1	0.1	0.0666666666666667	0.05	0.04	0.0666666666666667	0.0714285714285714	0.0625	0.0555555555555556	0.06	

MAP:	0.058507543491727

NDCG:	0.1	0.1	0.0760187533431869	0.0638787886479598	0.0600166132105944	0.0768608576357864	0.0814185560098598	0.0778624854669762	0.074937841060634	0.0793600243772419	

