precision:	0.1	0.05	0.0333333333333333	0.025	0.02	0.0333333333333333	0.0428571428571429	0.0375	0.0333333333333333	0.03	

MAP:	0.0508876392465166

NDCG:	0.1	0.05	0.0380093766715934	0.0319393943239799	0.0280772188866144	0.0446689757723824	0.0508481530009218	0.0485838497747283	0.0467216027565971	0.045153061974501	

