precision:	0	0.1	0.0666666666666667	0.075	0.06	0.05	0.0571428571428571	0.0625	0.0666666666666667	0.06	

MAP:	0.0534993770092281

NDCG:	0	0.1	0.0760187533431869	0.0798484858099498	0.0701930472165361	0.0633158385266383	0.0663514192292975	0.0722292032227881	0.0746758335847297	0.0710075909836411	

