precision:	0	0	0	0	0	0	0	0	0	0.01	

MAP:	0.0472372984436344

NDCG:	0	0	0	0	0	0	0	0	0	0.00572900009676766	

