precision:	0	0.05	0.0333333333333333	0.025	0.06	0.05	0.0571428571428571	0.05	0.0444444444444444	0.05	

MAP:	0.0625839036938945

NDCG:	0	0.05	0.0380093766715934	0.0319393943239799	0.0561237943047006	0.0537543122505265	0.0602240560540027	0.0581912355904688	0.0565193685883728	0.060840181935748	

