precision:	0.3	0.15	0.133333333333333	0.1	0.08	0.0666666666666667	0.0571428571428571	0.075	0.0777777777777778	0.07	

MAP:	0.0803681203632044

NDCG:	0.3	0.15	0.138009376671593	0.11596969716199	0.105808584890312	0.0985712037048034	0.0930574826160286	0.103038934571488	0.104879480707475	0.100700743087982	

