precision:	0.3	0.2	0.166666666666667	0.175	0.16	0.133333333333333	0.114285714285714	0.1125	0.111111111111111	0.12	

MAP:	0.0911565225670356

NDCG:	0.3	0.2	0.176018753343187	0.17984848580995	0.174055222653902	0.160131333489387	0.149523568144947	0.148259792437859	0.147220416388359	0.153151838067968	

