precision:	0.6	0.35	0.333333333333333	0.325	0.26	0.233333333333333	0.2	0.1875	0.177777777777778	0.16	

MAP:	0.142884566755535

NDCG:	0.6	0.35	0.338009376671593	0.34096969716199	0.309060946306538	0.298689377863245	0.281374742633936	0.274767872078151	0.269334136503622	0.260184952396149	

