precision:	0	0	0	0	0.02	0.0333333333333333	0.0285714285714286	0.0375	0.0555555555555556	0.05	

MAP:	0.0397216895586919

NDCG:	0	0	0	0	0.0120921999903604	0.0207050229138489	0.0189917012654575	0.0248137729223674	0.0359706311899303	0.0343572938307789	

