precision:	0	0.05	0.0333333333333333	0.075	0.06	0.05	0.0428571428571429	0.0375	0.0333333333333333	0.03	

MAP:	0.0556466603972729

NDCG:	0	0.05	0.0380093766715934	0.0638787886479598	0.0600166132105944	0.0572657297346352	0.0551699987173817	0.0535004136807312	0.0521272849760365	0.0509707207010448	

