precision:	0	0	0	0.025	0.06	0.05	0.0428571428571429	0.0375	0.0333333333333333	0.03	

MAP:	0.0247941238925831

NDCG:	0	0	0	0.01596969716199	0.038223009424028	0.0344780856318743	0.0316250556809308	0.0293521608886145	0.0274828478476078	0.0259083554678239	

