precision:	0	0	0	0	0	0.0333333333333333	0.0285714285714286	0.025	0.0222222222222222	0.02	

MAP:	0.0509105048005395

NDCG:	0	0	0	0	0	0.0221534083061782	0.0213426688789452	0.0206967852206001	0.0201655865264947	0.019718166389967	

