precision:	0.1	0.05	0.0333333333333333	0.025	0.02	0.0166666666666667	0.0142857142857143	0.0375	0.0444444444444444	0.04	

MAP:	0.047185639502579

NDCG:	0.1	0.05	0.0380093766715934	0.0319393943239799	0.0280772188866144	0.0253263354106553	0.0232306043934018	0.0359350322612521	0.0494197282593808	0.0474921211343946	

