precision:	0	0	0	0	0.02	0.0166666666666667	0.0142857142857143	0.025	0.0222222222222222	0.03	

MAP:	0.0240501592176762

NDCG:	0	0	0	0	0.0120921999903604	0.0109074589632733	0.0100048767421149	0.0164728320573699	0.0154237481448086	0.020269121695435	

