precision:	0.2	0.1	0.0666666666666667	0.075	0.06	0.0666666666666667	0.0714285714285714	0.0875	0.0777777777777778	0.07	

MAP:	0.0449970306795266

NDCG:	0.2	0.1	0.0760187533431869	0.0798484858099498	0.0701930472165361	0.0731134024772138	0.07533824375264	0.0842976922176265	0.0789291343118847	0.0744072841307789	

