precision:	0.4	0.25	0.2	0.15	0.12	0.1	0.1	0.0875	0.0777777777777778	0.09	

MAP:	0.182178821496682

NDCG:	0.4	0.3	0.276018753343187	0.24790909148597	0.233885803776927	0.223897539115459	0.224562995255223	0.217906131079988	0.212431278897193	0.220355770297335	

