precision:	0.2	0.15	0.1	0.075	0.06	0.05	0.0428571428571429	0.0625	0.0666666666666667	0.06	

MAP:	0.068106175260464

NDCG:	0.2	0.15	0.11402813001478	0.0958181829719397	0.0880938320972088	0.0825920651452905	0.0784006031107835	0.0989151061563995	0.105786896273804	0.103088246298823	

