precision:	0.1	0.05	0.1	0.075	0.06	0.05	0.0428571428571429	0.0375	0.0444444444444444	0.05	

MAP:	0.0473269073538998

NDCG:	0.1	0.05	0.0859718699852197	0.0722424227040804	0.0635067244728215	0.057284612529681	0.0525443634038919	0.0487679966157602	0.0520307428376306	0.0547789016268815	

