precision:	0.3	0.2	0.133333333333333	0.1	0.08	0.0833333333333333	0.0714285714285714	0.0625	0.0666666666666667	0.06	

MAP:	0.130478753573804

NDCG:	0.3	0.2	0.16402813001478	0.14581818297194	0.138093832097209	0.142389629095866	0.137387427634126	0.13340237390248	0.1364934882361	0.133368084143084	

