precision:	0	0	0	0	0	0	0	0.0125	0.0222222222222222	0.02	

MAP:	0.0295326081374546

NDCG:	0	0	0	0	0	0	0	0.00718700645225042	0.016805053979044	0.0164195325540468	

