precision:	0	0	0	0	0	0	0	0.0125	0.0111111111111111	0.01	

MAP:	0.0465040364716192

NDCG:	0	0	0	0	0	0	0	0.01064646477466	0.01064646477466	0.01064646477466	

