precision:	0	0	0	0	0	0.0166666666666667	0.0142857142857143	0.0375	0.0333333333333333	0.03	

MAP:	0.0267107641118896

NDCG:	0	0	0	0	0	0.00979756395057558	0.00898682452334257	0.0261744120919079	0.0251855038295709	0.0247999824045737	

