precision:	0	0	0	0	0	0.0166666666666667	0.0285714285714286	0.025	0.0333333333333333	0.03	

MAP:	0.0512374448411156

NDCG:	0	0	0	0	0	0.0123558443556026	0.0206307526013955	0.0200360344118526	0.0259154865355308	0.0251386546219214	

