precision:	0	0	0	0	0	0	0.0142857142857143	0.0375	0.0333333333333333	0.03	

MAP:	0.0366792508263874

NDCG:	0	0	0	0	0	0	0.00827490824579292	0.0220542029607508	0.0206496655108512	0.0198786226608567	

