precision:	0.3	0.15	0.133333333333333	0.1	0.08	0.0666666666666667	0.0714285714285714	0.0625	0.0666666666666667	0.07	

MAP:	0.0806537911335378

NDCG:	0.3	0.15	0.145574617693353	0.127364670650513	0.119640319775782	0.114138552823863	0.118221999035149	0.114288110772305	0.117421305486594	0.120060345119769	

