precision:	0	0	0.0333333333333333	0.05	0.06	0.0666666666666667	0.0714285714285714	0.075	0.0666666666666667	0.06	

MAP:	0.0432233600064743

NDCG:	0	0	0.0239812466568131	0.0361212113520402	0.0455089106508113	0.0521954186298166	0.057289462885482	0.0613476840957786	0.0583167454123828	0.0557638343932475	

