precision:	0.1	0.05	0.0666666666666667	0.05	0.04	0.0333333333333333	0.0428571428571429	0.0375	0.0333333333333333	0.03	

MAP:	0.048421436990661

NDCG:	0.1	0.05	0.0619906233284066	0.0520909085140302	0.0496541471170834	0.0479185328834927	0.0548711820750179	0.0532230730097344	0.0518676069410229	0.0507259196209085	

