precision:	0	0	0	0	0	0.0166666666666667	0.0285714285714286	0.025	0.0222222222222222	0.02	

MAP:	0.0506658865583933

NDCG:	0	0	0	0	0	0.0123558443556026	0.0206307526013955	0.0200360344118526	0.019546916098416	0.0191349395913116	

