precision:	0.1	0.1	0.1	0.1	0.12	0.1	0.1	0.0875	0.0888888888888889	0.08	

MAP:	0.0804829144655886

NDCG:	0.1	0.1	0.1	0.1	0.115954375427726	0.107722953926022	0.10972684214935	0.1041362532551	0.105906915877802	0.102763882715922	

