precision:	0.1	0.05	0.0333333333333333	0.075	0.1	0.0833333333333333	0.0857142857142857	0.0875	0.0777777777777778	0.07	

MAP:	0.0453612911232877

NDCG:	0.1	0.05	0.0380093766715934	0.0638787886479598	0.0820021861779898	0.0753156781989845	0.078496542189112	0.0810306092415229	0.0767461496061358	0.0731374180029067	

