precision:	0.2	0.1	0.0666666666666667	0.1	0.08	0.0666666666666667	0.0571428571428571	0.05	0.0555555555555556	0.06	

MAP:	0.0559563665600895

NDCG:	0.2	0.1	0.0760187533431869	0.0958181829719397	0.0842316566598433	0.0759790062319659	0.0696918131802055	0.0646830580702538	0.0669322423932846	0.0688266942585722	

