precision:	0	0.05	0.0333333333333333	0.025	0.04	0.0333333333333333	0.0285714285714286	0.025	0.0222222222222222	0.03	

MAP:	0.0470140203504864

NDCG:	0	0.05	0.0380093766715934	0.0319393943239799	0.0440315943143403	0.0428468532872532	0.0419442710660948	0.0412252199290993	0.0406338455847697	0.0458647405603933	

