precision:	0	0	0	0	0	0.0166666666666667	0.0142857142857143	0.0125	0.0111111111111111	0.02	

MAP:	0.0306342790643741

NDCG:	0	0	0	0	0	0.0193426403617271	0.0193426403617271	0.0193426403617271	0.0193426403617271	0.0254198009971806	

