precision:	0.2	0.1	0.0666666666666667	0.05	0.08	0.0666666666666667	0.0571428571428571	0.0625	0.0555555555555556	0.06	

MAP:	0.0600224070979238

NDCG:	0.2	0.1	0.0760187533431869	0.0638787886479598	0.0842010131913151	0.0790806476611819	0.0751797522016116	0.0792590713432205	0.0762454843816349	0.0794361885361255	

