precision:	0	0	0.0333333333333333	0.05	0.06	0.0666666666666667	0.0571428571428571	0.05	0.0444444444444444	0.05	

MAP:	0.0574162124298813

NDCG:	0	0	0.0239812466568131	0.0361212113520402	0.0457766499454538	0.0526538586353517	0.0496182779326925	0.0471999522616114	0.0452110314679014	0.0492647954939872	

