precision:	0.3	0.15	0.133333333333333	0.1	0.1	0.0833333333333333	0.0714285714285714	0.0625	0.0777777777777778	0.08	

MAP:	0.078955767872154

NDCG:	0.3	0.15	0.138009376671593	0.11596969716199	0.117900784880673	0.109478662668077	0.103062359358143	0.0979507472721064	0.110191095295252	0.113170859776369	

