precision:	0.2	0.15	0.1	0.075	0.06	0.05	0.0428571428571429	0.0375	0.0333333333333333	0.03	

MAP:	0.071792149094296

NDCG:	0.2	0.15	0.11402813001478	0.0958181829719397	0.0880938320972088	0.0825920651452905	0.0784006031107835	0.0750614330374824	0.0723151756280931	0.0700020470781098	

