precision:	0.1	0.15	0.1	0.075	0.08	0.0666666666666667	0.0571428571428571	0.0625	0.0555555555555556	0.05	

MAP:	0.064972919149498

NDCG:	0.1	0.15	0.11402813001478	0.0958181829719397	0.100186032087569	0.0934995241085638	0.0884054798528985	0.0915342650948523	0.0877389237729017	0.0845421686767771	

