precision:	0.1	0.15	0.1	0.075	0.06	0.1	0.1	0.0875	0.0777777777777778	0.07	

MAP:	0.0777021572864401

NDCG:	0.1	0.15	0.11402813001478	0.0958181829719397	0.0919560075345743	0.118597815910342	0.122344774857182	0.118142820655954	0.114686977555506	0.112932740638818	

