precision:	0.1	0.05	0.1	0.075	0.06	0.05	0.0428571428571429	0.0375	0.0333333333333333	0.03	

MAP:	0.0746528485787214

NDCG:	0.1	0.05	0.125083598685552	0.115183883871176	0.108884947036864	0.104398449327314	0.100980459255793	0.0982574833434015	0.096018006883432	0.0941317317954302	

