precision:	0	0	0	0	0	0	0.0142857142857143	0.0125	0.0222222222222222	0.03	

MAP:	0.025318577056532

NDCG:	0	0	0	0	0	0	0.0178103593554011	0.0178103593554011	0.0241789297925159	0.0295430744827786	

