precision:	0.1	0.1	0.0666666666666667	0.05	0.04	0.0333333333333333	0.0428571428571429	0.0375	0.0333333333333333	0.03	

MAP:	0.0573680726924536

NDCG:	0.1	0.1	0.0760187533431869	0.0638787886479598	0.0600166132105944	0.0572657297346352	0.0634449069631746	0.0611806037369812	0.0593183567188499	0.0577498159367538	

