precision:	0	0.05	0.0666666666666667	0.05	0.04	0.0333333333333333	0.0285714285714286	0.0625	0.0555555555555556	0.05	

MAP:	0.0537991012227671

NDCG:	0	0.05	0.0619906233284066	0.0520909085140302	0.0496541471170834	0.0479185328834927	0.0465962738292249	0.0705633606326452	0.0687815937409072	0.0672808400779027	

