precision:	0	0	0	0.025	0.02	0.0166666666666667	0.0285714285714286	0.025	0.0222222222222222	0.03	

MAP:	0.0221483700930706

NDCG:	0	0	0	0.01596969716199	0.0140386094433072	0.0126631677053277	0.0198902104424938	0.0184606997346256	0.0172850170688417	0.0220237585210091	

