precision:	0	0.05	0.0333333333333333	0.025	0.02	0.0166666666666667	0.0142857142857143	0.025	0.0333333333333333	0.03	

MAP:	0.0236469641015236

NDCG:	0	0.05	0.0380093766715934	0.0319393943239799	0.0280772188866144	0.0253263354106553	0.0232306043934018	0.0287480258090017	0.0369929446311006	0.0354508589311117	

