precision:	0	0.05	0.0666666666666667	0.05	0.08	0.0666666666666667	0.0714285714285714	0.075	0.0666666666666667	0.06	

MAP:	0.0633056275818486

NDCG:	0	0.05	0.0619906233284066	0.0520909085140302	0.0724131330573854	0.0672927675272522	0.0716667803134749	0.0751513812655408	0.0716486759905186	0.0686984035411372	

