precision:	0	0	0.0333333333333333	0.025	0.02	0.05	0.0428571428571429	0.0375	0.0333333333333333	0.05	

MAP:	0.0464078605838379

NDCG:	0	0	0.0239812466568131	0.0201515141900502	0.0177147527931035	0.038132546865691	0.0359995483841902	0.0343002738501046	0.0329027274007243	0.0474174728214979	

