precision:	0	0	0.0333333333333333	0.05	0.06	0.05	0.0428571428571429	0.0375	0.0333333333333333	0.03	

MAP:	0.0308787879811163

NDCG:	0	0	0.0239812466568131	0.0361212113520402	0.0438455622267711	0.0395497652281138	0.0362770584440609	0.0336698239129996	0.0315255374610477	0.0297194393893977	

