precision:	0	0	0.0333333333333333	0.025	0.04	0.0333333333333333	0.0285714285714286	0.025	0.0444444444444444	0.06	

MAP:	0.0529848841460689

NDCG:	0	0	0.0239812466568131	0.0201515141900502	0.0298069527834639	0.0268865975227861	0.02466175624736	0.0228893142346239	0.034168733009249	0.0475549220937103	

