precision:	0.3	0.15	0.133333333333333	0.1	0.08	0.0666666666666667	0.0714285714285714	0.0625	0.0555555555555556	0.07	

MAP:	0.0802639434016928

NDCG:	0.3	0.15	0.145574617693353	0.127364670650513	0.119640319775782	0.114138552823863	0.118221999035149	0.114288110772305	0.111052735049479	0.119785630185927	

