precision:	0.2	0.1	0.0666666666666667	0.05	0.08	0.0666666666666667	0.0571428571428571	0.05	0.0444444444444444	0.06	

MAP:	0.0744050560724279

NDCG:	0.2	0.1	0.0760187533431869	0.0638787886479598	0.0842010131913151	0.0790806476611819	0.0751797522016116	0.07207206489097	0.069516187497616	0.0788214131738716	

