precision:	0.1	0.05	0.0333333333333333	0.025	0.02	0.0333333333333333	0.0285714285714286	0.025	0.0333333333333333	0.05	

MAP:	0.0540869347806752

NDCG:	0.1	0.05	0.0380093766715934	0.0319393943239799	0.0280772188866144	0.0351238993612309	0.0322174289167444	0.0299019602217488	0.0343662032600635	0.0477410792736646	

