precision:	0	0	0	0	0.02	0.0333333333333333	0.0285714285714286	0.0375	0.0333333333333333	0.04	

MAP:	0.0495667835103314

NDCG:	0	0	0	0	0.0137555484144005	0.0235531123649761	0.0227423729377431	0.0292834957316485	0.0282945874693115	0.0336380661410819	

