precision:	0.1	0.1	0.0666666666666667	0.075	0.06	0.05	0.0571428571428571	0.0625	0.0555555555555556	0.05	

MAP:	0.0538791598382763

NDCG:	0.1	0.1	0.0760187533431869	0.0798484858099498	0.0740552226539016	0.0699288974399629	0.0750602091598755	0.0791481198676072	0.0761415989288971	0.0736092545843079	

