precision:	0.2	0.1	0.1	0.1	0.1	0.0833333333333333	0.0714285714285714	0.075	0.0666666666666667	0.07	

MAP:	0.0793494138276527

NDCG:	0.2	0.1	0.1	0.1	0.103862175437365	0.096815494962749	0.0914470571614426	0.0943572440459811	0.090382119321103	0.0927629356462319	

