precision:	0.2	0.1	0.1	0.1	0.1	0.0833333333333333	0.0857142857142857	0.0875	0.0888888888888889	0.11	

MAP:	0.0837429569832077

NDCG:	0.2	0.1	0.1	0.1	0.103862175437365	0.096815494962749	0.0997219654072355	0.102037434102231	0.103941761501031	0.126326245792517	

