precision:	0.1	0.05	0.0333333333333333	0.025	0.04	0.05	0.0428571428571429	0.05	0.0444444444444444	0.04	

MAP:	0.0511520714248673

NDCG:	0.1	0.05	0.0380093766715934	0.0319393943239799	0.0401694188769748	0.0485896387295312	0.0455913254911194	0.0503896957697237	0.0479674831524678	0.0464253974524789	

