precision:	0	0.05	0.133333333333333	0.1	0.08	0.0666666666666667	0.0571428571428571	0.05	0.0444444444444444	0.04	

MAP:	0.0483881318068186

NDCG:	0	0.05	0.109953116642033	0.0923939368941306	0.081221477265925	0.0732637510891938	0.0672012429091369	0.0623714852452647	0.0583993132747454	0.0550536165607236	

