precision:	0	0	0.0333333333333333	0.05	0.04	0.0333333333333333	0.0428571428571429	0.05	0.0444444444444444	0.04	

MAP:	0.0316518276774339

NDCG:	0	0	0.0239812466568131	0.0361212113520402	0.0317533622364107	0.0286423062648405	0.0345470899477388	0.0392511948163805	0.0367514548270902	0.0346459639444827	

