precision:	0	0.05	0.1	0.1	0.08	0.0666666666666667	0.0571428571428571	0.05	0.0444444444444444	0.04	

MAP:	0.0470190853396417

NDCG:	0	0.05	0.0859718699852197	0.0882121198660703	0.0775453339161287	0.0699477802350086	0.0641596656005928	0.0595485062941359	0.0557561177265441	0.0525618496880365	

