precision:	0.8	0.45	0.3	0.25	0.22	0.2	0.185714285714286	0.1625	0.155555555555556	0.14	

MAP:	0.18875277658123

NDCG:	0.8	0.45	0.354075013372747	0.321484851753829	0.308472911401314	0.299204991731068	0.292144326716322	0.27933237099321	0.275163913497938	0.267578557935346	

