precision:	0	0	0.0333333333333333	0.075	0.08	0.0666666666666667	0.0714285714285714	0.075	0.0666666666666667	0.06	

MAP:	0.0412001348296731

NDCG:	0	0	0.0239812466568131	0.0520909085140301	0.0595475200941185	0.0550610223845687	0.0599179405588403	0.0637872529091567	0.060600948567519	0.0579171755474157	

