precision:	0	0.05	0.0333333333333333	0.075	0.06	0.05	0.0428571428571429	0.0375	0.0333333333333333	0.03	

MAP:	0.0384137994522653

NDCG:	0	0.05	0.0380093766715934	0.0638787886479598	0.0561544377732289	0.0506526708213106	0.0464612087868036	0.0431220387135025	0.0403757813041132	0.0380626527541299	

