precision:	0.1	0.05	0.0333333333333333	0.05	0.1	0.0833333333333333	0.0857142857142857	0.0875	0.0777777777777778	0.07	

MAP:	0.0452048396754161

NDCG:	0.1	0.05	0.0380093766715934	0.0479090914859699	0.080055776725043	0.0735599694569301	0.0768861167345261	0.0795359251682667	0.0753466555408972	0.07181810095402	

