precision:	0	0	0.0333333333333333	0.025	0.02	0.0166666666666667	0.0142857142857143	0.0125	0.0333333333333333	0.03	

MAP:	0.0327321232368929

NDCG:	0	0	0.0239812466568131	0.0201515141900502	0.0177147527931035	0.0159791385595128	0.014656879505245	0.0136034886295045	0.0254742817484592	0.0240148601224391	

