precision:	0	0.05	0.0333333333333333	0.05	0.06	0.05	0.0428571428571429	0.0375	0.0333333333333333	0.03	

MAP:	0.0385186018789261

NDCG:	0	0.05	0.0380093766715934	0.0479090914859699	0.054208028320282	0.0488969620792563	0.0448507833322177	0.0416273546402463	0.0389762872388747	0.0367433357052431	

