precision:	0	0	0	0	0	0	0	0	0.0111111111111111	0.02	

MAP:	0.0277365423655674

NDCG:	0	0	0	0	0	0	0	0	0.0157732438392864	0.02185040447474	

