precision:	0.3	0.15	0.133333333333333	0.125	0.1	0.1	0.0857142857142857	0.075	0.0666666666666667	0.06	

MAP:	0.090707362898412

NDCG:	0.3	0.15	0.15	0.15	0.13790780000964	0.141650821441754	0.135089234844352	0.129861881376985	0.125562711859974	0.121941590359484	

