precision:	0.1	0.1	0.1	0.075	0.06	0.0833333333333333	0.0714285714285714	0.075	0.0777777777777778	0.07	

MAP:	0.0581752080536626

NDCG:	0.1	0.1	0.1	0.0840303028380101	0.0738691905663324	0.0862269372819746	0.0790917373387338	0.0805944155252525	0.0818302738412606	0.0771422173737095	

