precision:	0.2	0.1	0.1	0.1	0.08	0.0666666666666667	0.0571428571428571	0.075	0.0777777777777778	0.07	

MAP:	0.081786743008081

NDCG:	0.2	0.1	0.1	0.1	0.0917699754470051	0.0859080359994757	0.0814421804193276	0.0922584248931121	0.0947855353814469	0.0911850798994499	

