precision:	0.3	0.2	0.2	0.175	0.16	0.133333333333333	0.128571428571429	0.1375	0.133333333333333	0.12	

MAP:	0.104877462345982

NDCG:	0.3	0.2	0.2	0.18403030283801	0.177731366003698	0.163447304343572	0.160840053699284	0.165949967897489	0.163783980563393	0.156230604090154	

