precision:	0.2	0.15	0.133333333333333	0.125	0.1	0.0833333333333333	0.0714285714285714	0.0625	0.0777777777777778	0.08	

MAP:	0.10060719291048

NDCG:	0.2	0.15	0.138009376671593	0.138009376671593	0.125917176681233	0.117304353757745	0.110742767160343	0.105515413692976	0.113953385050194	0.115679713372148	

