precision:	0	0	0	0	0.04	0.0333333333333333	0.0714285714285714	0.0625	0.0666666666666667	0.06	

MAP:	0.0470404522695456

NDCG:	0	0	0	0	0.0241843999807207	0.0218149179265466	0.0500987831237333	0.0474712444706564	0.0516788295922387	0.0504038925574852	

