precision:	0.1	0.05	0.0333333333333333	0.025	0.02	0.0166666666666667	0.0142857142857143	0.025	0.0333333333333333	0.03	

MAP:	0.0862090427054363

NDCG:	0.1	0.05	0.0380093766715934	0.0380093766715934	0.0380093766715934	0.0380093766715934	0.0380093766715934	0.0451963831238439	0.0511072439927271	0.0503568671612249	

