precision:	0	0.05	0.0333333333333333	0.025	0.04	0.0333333333333333	0.0285714285714286	0.025	0.0333333333333333	0.03	

MAP:	0.0722196060908945

NDCG:	0	0.1	0.1	0.1	0.11209219999036	0.110907458963273	0.110004876742115	0.109285825605119	0.116022891013412	0.115524785892268	

