precision:	0.2	0.25	0.233333333333333	0.2	0.16	0.15	0.142857142857143	0.1375	0.122222222222222	0.11	

MAP:	0.254489268039104

NDCG:	0.2	0.3	0.323981246656813	0.32015151419005	0.305622552802743	0.305071679596239	0.30465200276313	0.305987248061036	0.30071683291767	0.296277646810533	

