precision:	0	0.1	0.133333333333333	0.1	0.08	0.0666666666666667	0.0714285714285714	0.0875	0.0777777777777778	0.07	

MAP:	0.0629924158555261

NDCG:	0	0.1	0.123981246656813	0.10418181702806	0.0915839433594359	0.084346562173927	0.0966432004405533	0.116104312610429	0.112033997877533	0.108605637089542	

