precision:	0	0.05	0.0333333333333333	0.075	0.06	0.0666666666666667	0.0571428571428571	0.0625	0.0555555555555556	0.05	

MAP:	0.0575889131988092

NDCG:	0	0.05	0.0380093766715934	0.0729090914859699	0.0671158283299217	0.0727870670665585	0.0688327311134453	0.0759303822529009	0.0753991835587954	0.0749517634222677	

