precision:	0.2	0.2	0.133333333333333	0.125	0.1	0.0833333333333333	0.0714285714285714	0.0875	0.0888888888888889	0.09	

MAP:	0.112378540648823

NDCG:	0.2	0.2	0.152037506686374	0.14372727445791	0.126347484989765	0.113968509347949	0.104537719770308	0.148694172142031	0.151216661428222	0.152897686562519	

