precision:	0.2	0.15	0.133333333333333	0.1	0.1	0.0833333333333333	0.0714285714285714	0.075	0.0666666666666667	0.08	

MAP:	0.157551682104704

NDCG:	0.2	0.15	0.15	0.140100285185624	0.145893548341672	0.140222309605035	0.135901737312355	0.140203245060769	0.13737239425647	0.157032622570341	

