precision:	0.1	0.1	0.1	0.1	0.1	0.0833333333333333	0.0714285714285714	0.075	0.0777777777777778	0.08	

MAP:	0.112096499509559

NDCG:	0.1	0.1	0.1	0.106069982347614	0.109932157784979	0.102885477310363	0.0975170395090561	0.100983754739145	0.113239583421785	0.117270029814961	

