precision:	0.2	0.15	0.1	0.075	0.06	0.05	0.0428571428571429	0.0375	0.0333333333333333	0.03	

MAP:	0.083006748365015

NDCG:	0.2	0.15	0.11402813001478	0.101888165319553	0.0941638144448223	0.0914129309688632	0.0893171999516097	0.0876476149149591	0.0862744862102645	0.0862744862102645	

