precision:	0	0	0.0333333333333333	0.075	0.06	0.0666666666666667	0.0571428571428571	0.05	0.0777777777777778	0.07	

MAP:	0.029576223410357

NDCG:	0	0	0.0239812466568131	0.0520909085140301	0.045791971679718	0.0511030379207437	0.0468743084219894	0.0435054488512533	0.0598404850085227	0.0567770789709832	

