precision:	0.2	0.2	0.133333333333333	0.15	0.12	0.116666666666667	0.1	0.0875	0.0777777777777778	0.08	

MAP:	0.0789904774732541

NDCG:	0.2	0.2	0.152037506686374	0.1596969716199	0.144248269870438	0.143042299917177	0.13384863642093	0.126524412615982	0.120500699103098	0.121603442099899	

