precision:	0	0.15	0.1	0.1	0.08	0.1	0.0857142857142857	0.075	0.0777777777777778	0.07	

MAP:	0.0644303499407468

NDCG:	0	0.15	0.11402813001478	0.11178788013393	0.0982702661031506	0.110795582243472	0.102649784255852	0.0961603529692295	0.0971917742458076	0.092331523740304	

