precision:	0	0.05	0.1	0.075	0.1	0.0833333333333333	0.0714285714285714	0.075	0.0666666666666667	0.06	

MAP:	0.0523039877985846

NDCG:	0	0.05	0.0859718699852197	0.0722424227040804	0.0876911244535422	0.0790995304562276	0.0725541168881217	0.0745266542782495	0.0697803718061142	0.0657826542378171	

