precision:	0.2	0.15	0.133333333333333	0.1	0.1	0.116666666666667	0.114285714285714	0.1	0.0888888888888889	0.08	

MAP:	0.0864794280551611

NDCG:	0.2	0.15	0.138009376671593	0.11596969716199	0.117900784880673	0.129073790569228	0.129310916650622	0.122312819058351	0.11655732384771	0.111709562583413	

