precision:	0.2	0.1	0.133333333333333	0.1	0.08	0.1	0.114285714285714	0.1	0.111111111111111	0.1	

MAP:	0.0905530590044095

NDCG:	0.2	0.1	0.123981246656813	0.10418181702806	0.0954461187968014	0.108819134754812	0.119007223266143	0.112749652782235	0.120340335426136	0.116088120967883	

