precision:	0.1	0.1	0.1	0.1	0.1	0.0833333333333333	0.0857142857142857	0.075	0.0777777777777778	0.07	

MAP:	0.0596336179356965

NDCG:	0.1	0.1	0.1	0.1	0.1	0.0902024360494244	0.0910131754766574	0.0853068452010773	0.0869823178157617	0.0826645414180148	

