precision:	0.1	0.05	0.0333333333333333	0.025	0.02	0.0166666666666667	0.0285714285714286	0.0375	0.0555555555555556	0.06	

MAP:	0.0542013638997451

NDCG:	0.1	0.05	0.0380093766715934	0.0319393943239799	0.0280772188866144	0.0253263354106553	0.0315055126391947	0.0370229340547946	0.0488891059716057	0.0527111649618795	

