precision:	0.1	0.05	0.133333333333333	0.1	0.08	0.0666666666666667	0.0571428571428571	0.05	0.0444444444444444	0.04	

MAP:	0.0679207636396705

NDCG:	0.1	0.05	0.149064845342365	0.135335398061226	0.126599699829967	0.120377587886827	0.115637338761038	0.111860971972906	0.108755147757662	0.10613916185665	

