precision:	0.1	0.05	0.0333333333333333	0.025	0.02	0.0333333333333333	0.0285714285714286	0.0375	0.0444444444444444	0.04	

MAP:	0.0446732501823739

NDCG:	0.1	0.05	0.0380093766715934	0.0319393943239799	0.0280772188866144	0.0351238993612309	0.0322174289167444	0.0370889666739992	0.0467175530353741	0.0447280471988575	

