precision:	0	0.05	0.1	0.075	0.06	0.0666666666666667	0.0857142857142857	0.075	0.0888888888888889	0.08	

MAP:	0.10689590068595

NDCG:	0	0.05	0.125083598685552	0.115183883871176	0.108884947036864	0.114196013277889	0.126517100270721	0.122553522510442	0.132990739232668	0.129880212094529	

