precision:	0.1	0.05	0.0333333333333333	0.075	0.08	0.0666666666666667	0.0714285714285714	0.075	0.0666666666666667	0.06	

MAP:	0.151151106796955

NDCG:	0.1	0.1	0.1	0.14096969716199	0.151130809433668	0.148570626668601	0.154895087184609	0.171561753851275	0.171561753851275	0.171561753851275	

