precision:	0.1	0.1	0.0666666666666667	0.075	0.08	0.0666666666666667	0.0571428571428571	0.0625	0.0555555555555556	0.05	

MAP:	0.069216808121401

NDCG:	0.1	0.1	0.0760187533431869	0.0949487709955733	0.112620423461878	0.109869539985918	0.107773808968665	0.115463296894219	0.114090168189525	0.112933603914533	

