precision:	0	0	0	0.05	0.04	0.05	0.0571428571428571	0.05	0.0555555555555556	0.06	

MAP:	0.0752318810614916

NDCG:	0	0	0	0.0349743854977867	0.0330432977791039	0.0414654199917	0.0478817233016331	0.0458063289354198	0.0504680180126453	0.0637169836082114	

