precision:	0.2	0.2	0.133333333333333	0.125	0.1	0.1	0.1	0.1	0.0888888888888889	0.09	

MAP:	0.0952982737126753

NDCG:	0.2	0.2	0.152037506686374	0.15275757729592	0.137308875546458	0.145647982004348	0.145539966181127	0.150965150880488	0.147729775157662	0.160056169883773	

