precision:	0.1	0.1	0.1	0.1	0.08	0.0666666666666667	0.0714285714285714	0.0875	0.1	0.09	

MAP:	0.0933444661313872

NDCG:	0.1	0.1	0.1	0.1	0.0879078000096396	0.0792949770861511	0.0810082987345425	0.101806684896047	0.111204525568773	0.107218548661779	

