precision:	0.1	0.15	0.133333333333333	0.1	0.12	0.116666666666667	0.128571428571429	0.125	0.133333333333333	0.12	

MAP:	0.134436487344937

NDCG:	0.1	0.15	0.177121105371926	0.158911158329085	0.180950659911019	0.18131083240663	0.199395585307672	0.200208901854631	0.208206243323617	0.203040648409468	

