precision:	0	0.15	0.166666666666667	0.15	0.14	0.116666666666667	0.1	0.1	0.1	0.1	

MAP:	0.0822709869690467

NDCG:	0	0.15	0.161990623328407	0.15209090851403	0.145791971679718	0.131507910019593	0.120625751129511	0.122585404114395	0.124197095466267	0.125554597231043	

