precision:	0.1	0.1	0.133333333333333	0.1	0.1	0.1	0.1	0.1	0.0888888888888889	0.09	

MAP:	0.12141064586621

NDCG:	0.1	0.1	0.170658216378905	0.158518251683678	0.172327728712617	0.176623525711274	0.179896232495327	0.183059995371939	0.179293420955008	0.183114004501209	

