precision:	0	0	0	0	0	0	0	0.0125	0.0111111111111111	0.02	

MAP:	0.0572676312898696

NDCG:	0	0	0	0	0	0	0	0.0126697922238645	0.0126697922238645	0.0183987923206321	

