precision:	0.1	0.1	0.133333333333333	0.15	0.14	0.116666666666667	0.1	0.0875	0.0777777777777778	0.07	

MAP:	0.156929320391859

NDCG:	0.1	0.1	0.143537111006979	0.174607093354593	0.178469268791958	0.171422588317342	0.166054150516036	0.16521935799771	0.164532793645363	0.163954511507867	

