precision:	0.1	0.1	0.1	0.1	0.12	0.1	0.0857142857142857	0.0875	0.0888888888888889	0.09	

MAP:	0.119247538099763

NDCG:	0.1	0.1	0.111990623328407	0.11806060567602	0.134014981103746	0.127159001340022	0.121935846826184	0.128403802141439	0.133723288665992	0.138203806810114	

