precision:	0.1	0.1	0.1	0.075	0.06	0.05	0.0428571428571429	0.05	0.0555555555555556	0.06	

MAP:	0.0641144389348556

NDCG:	0.1	0.1	0.1	0.0840303028380101	0.0738691905663324	0.0666318093808234	0.0611180882920487	0.0693953195668715	0.0721512848393221	0.0744725901665913	

