precision:	0.1	0.1	0.133333333333333	0.1	0.08	0.0666666666666667	0.0714285714285714	0.0875	0.1	0.1	

MAP:	0.112788316726177

NDCG:	0.1	0.1	0.163092975357146	0.147123278195156	0.136962165923478	0.129724784737969	0.132485971894987	0.151947084064863	0.161573779521704	0.163509563423976	

