precision:	0.2	0.2	0.133333333333333	0.15	0.14	0.116666666666667	0.142857142857143	0.15	0.155555555555556	0.14	

MAP:	0.219471924988831

NDCG:	0.2	0.25	0.21402813001478	0.23678788013393	0.239640013622588	0.230011921456731	0.249227986549346	0.266643393850444	0.274587625692081	0.269377297391004	

