precision:	0.2	0.2	0.166666666666667	0.125	0.1	0.0833333333333333	0.0857142857142857	0.0875	0.0777777777777778	0.08	

MAP:	0.123294465932702

NDCG:	0.2	0.2	0.188009376671593	0.16596969716199	0.151946409452947	0.141958144791479	0.142623600931243	0.155356379335066	0.15212100361224	0.15512489865192	

