precision:	0.2	0.1	0.1	0.125	0.12	0.1	0.142857142857143	0.1375	0.133333333333333	0.12	

MAP:	0.134624577627364

NDCG:	0.2	0.1	0.111990623328407	0.13403030283801	0.135961390556693	0.130650324315667	0.170287095170035	0.173896029069554	0.177824019578047	0.174959875742705	

