precision:	0	0.05	0.0333333333333333	0.025	0.06	0.05	0.0571428571428571	0.05	0.0555555555555556	0.06	

MAP:	0.0391853226062643

NDCG:	0	0.05	0.0380093766715934	0.0319393943239799	0.0617032467806445	0.0605185057535574	0.067890831778192	0.0671717806411965	0.0785710296252734	0.083801924600897	

