precision:	0	0	0	0	0	0	0.0142857142857143	0.0125	0.0222222222222222	0.03	

MAP:	0.040637594292678

NDCG:	0	0	0	0	0	0	0.00827490824579292	0.00768019005624998	0.0135596421799282	0.0192733238297926	

