precision:	0.2	0.15	0.1	0.075	0.08	0.0833333333333333	0.114285714285714	0.1	0.0888888888888889	0.08	

MAP:	0.065291077472869

NDCG:	0.2	0.15	0.11402813001478	0.0958181829719397	0.0963238566502037	0.0966840291458148	0.115234638098666	0.108266230003831	0.10390828124257	0.10023765092781	

