precision:	0.2	0.1	0.1	0.075	0.1	0.1	0.1	0.1	0.0888888888888889	0.08	

MAP:	0.0895148401261424

NDCG:	0.2	0.1	0.1	0.0901002851856236	0.121704923774418	0.129574270420471	0.134431188594742	0.138300500945059	0.135114196603421	0.132430423583318	

