precision:	0.2	0.1	0.1	0.075	0.08	0.0666666666666667	0.0571428571428571	0.05	0.0444444444444444	0.04	

MAP:	0.0630445914358681

NDCG:	0.2	0.1	0.1	0.0840303028380101	0.0859613905566928	0.0820257660536466	0.0790274528152347	0.0766388166415887	0.0746743135925643	0.0730196441964286	

