precision:	0.4	0.25	0.166666666666667	0.125	0.1	0.0833333333333333	0.0714285714285714	0.0625	0.0555555555555556	0.06	

MAP:	0.126887825743497

NDCG:	0.4	0.25	0.190046883357967	0.165766953967513	0.150318252218051	0.139314718314215	0.133027525262454	0.128018770152503	0.125272512743113	0.130583370831984	

