precision:	0.1	0.2	0.133333333333333	0.125	0.1	0.1	0.114285714285714	0.1	0.0888888888888889	0.08	

MAP:	0.104693316846583

NDCG:	0.1	0.2	0.16402813001478	0.16178788013393	0.148270266103151	0.151190621363828	0.163786101902301	0.160281196828219	0.157398632802546	0.154970695376818	

