precision:	0	0	0	0	0	0.0166666666666667	0.0142857142857143	0.025	0.0222222222222222	0.03	

MAP:	0.0414613889640748

NDCG:	0	0	0	0	0	0.00979756395057558	0.00898682452334257	0.0155279473172479	0.0145390390549109	0.0201966110568598	

