precision:	0.2	0.15	0.166666666666667	0.175	0.14	0.116666666666667	0.128571428571429	0.125	0.111111111111111	0.1	

MAP:	0.137038053447153

NDCG:	0.2	0.15	0.173981246656813	0.18612121135204	0.16966116224605	0.162423781060541	0.17478213551762	0.178275328035809	0.174779688783662	0.171835367931969	

