precision:	0.1	0.05	0.0333333333333333	0.025	0.06	0.05	0.0428571428571429	0.05	0.0444444444444444	0.04	

MAP:	0.0349645158311804

NDCG:	0.1	0.05	0.0380093766715934	0.0319393943239799	0.0633665952046846	0.0606157117287255	0.058519980711472	0.0640374021270719	0.0626642734223772	0.0615077091473855	

