precision:	0.1	0.05	0.1	0.15	0.12	0.133333333333333	0.142857142857143	0.15	0.133333333333333	0.12	

MAP:	0.0803626045823724

NDCG:	0.1	0.05	0.0859718699852197	0.123186505363857	0.110588631695233	0.125504658815902	0.146011980351679	0.158272239036745	0.155043854314438	0.152324637664912	

