precision:	0	0.05	0.0666666666666667	0.05	0.04	0.0333333333333333	0.0285714285714286	0.025	0.0222222222222222	0.02	

MAP:	0.0416604472846443

NDCG:	0	0.05	0.0619906233284066	0.0520909085140302	0.045791971679718	0.0413054739701681	0.0399832149159003	0.0389298240401598	0.0380634762848849	0.0373337654718749	

