precision:	0	0.1	0.0666666666666667	0.075	0.08	0.0666666666666667	0.0714285714285714	0.0625	0.0666666666666667	0.07	

MAP:	0.037266771219615

NDCG:	0	0.1	0.0760187533431869	0.0798484858099498	0.0917268751202058	0.0848496664303079	0.090987380697253	0.0876482106239519	0.0912705236516774	0.0950830532586628	

