precision:	0.3	0.3	0.2	0.175	0.14	0.133333333333333	0.114285714285714	0.1125	0.122222222222222	0.12	

MAP:	0.142946469500067

NDCG:	0.3	0.3	0.228056260029561	0.207606063105869	0.182501922762994	0.174418744119835	0.162081484097708	0.163424942921681	0.174331245522985	0.177788449106753	

