precision:	0.3	0.15	0.1	0.075	0.06	0.05	0.0428571428571429	0.0375	0.0333333333333333	0.03	

MAP:	0.0866688105104557

NDCG:	0.3	0.15	0.11402813001478	0.0958181829719397	0.0842316566598433	0.0787298897079251	0.0745384276734181	0.0728688426367675	0.0714957139320729	0.0703391496570812	

