precision:	0.1	0.05	0.0333333333333333	0.025	0.04	0.0666666666666667	0.0571428571428571	0.05	0.0555555555555556	0.06	

MAP:	0.0481913992688235

NDCG:	0.1	0.05	0.0380093766715934	0.0319393943239799	0.0401694188769748	0.0634862758671044	0.061772954218713	0.0611270705603679	0.0669644423033773	0.0812036665435436	

