precision:	0.2	0.1	0.0666666666666667	0.05	0.08	0.0833333333333333	0.0714285714285714	0.075	0.0666666666666667	0.06	

MAP:	0.0764612592250345

NDCG:	0.2	0.1	0.0760187533431869	0.0699487709955733	0.0902709955389286	0.094948193959371	0.0923322900898212	0.0974353106097356	0.0958550280030689	0.0945239813203999	

