precision:	0.1	0.05	0.0333333333333333	0.025	0.04	0.0333333333333333	0.0428571428571429	0.05	0.0444444444444444	0.04	

MAP:	0.0320978123848038

NDCG:	0.1	0.05	0.0380093766715934	0.0319393943239799	0.041832767301015	0.0390818838250558	0.0547965121632035	0.0603139335788033	0.0589408048741087	0.057784240599117	

