precision:	0.3	0.25	0.166666666666667	0.125	0.1	0.0833333333333333	0.0714285714285714	0.0625	0.0666666666666667	0.08	

MAP:	0.0756206248689224

NDCG:	0.3	0.25	0.190046883357967	0.1596969716199	0.140386094433072	0.126631677053277	0.116153021967009	0.109474681820407	0.110350737438743	0.121967449406947	

