precision:	0.2	0.1	0.1	0.125	0.1	0.1	0.128571428571429	0.125	0.111111111111111	0.11	

MAP:	0.123599503372119

NDCG:	0.2	0.1	0.111990623328407	0.13403030283801	0.123869190566332	0.126429373331399	0.161051652618771	0.164493679668157	0.160955960035342	0.163705195650992	

