precision:	0	0.05	0.0666666666666667	0.1	0.08	0.0666666666666667	0.0714285714285714	0.0875	0.0777777777777778	0.07	

MAP:	0.0781280244057271

NDCG:	0	0.05	0.0619906233284066	0.0870652940118168	0.0788352694588219	0.0729733300112925	0.0767823826769374	0.0891759754711333	0.0853031067771483	0.0820410516195491	

