precision:	0.2	0.1	0.133333333333333	0.125	0.14	0.116666666666667	0.114285714285714	0.1125	0.1	0.09	

MAP:	0.123525772718396

NDCG:	0.2	0.1	0.13597186998522	0.13821211986607	0.151729733896849	0.144873754133126	0.158783218028956	0.163419065516115	0.160863188122761	0.158710413605482	

