precision:	0.1	0.15	0.1	0.1	0.08	0.1	0.114285714285714	0.1	0.0888888888888889	0.08	

MAP:	0.0980085242786783

NDCG:	0.1	0.15	0.126018753343187	0.12984848580995	0.120193047216536	0.132910966427789	0.149960012441154	0.14640394189827	0.143479297491928	0.141015916436776	

