precision:	0.1	0.05	0.1	0.075	0.06	0.05	0.0428571428571429	0.0375	0.0333333333333333	0.03	

MAP:	0.0577535233039819

NDCG:	0.1	0.05	0.0859718699852197	0.0760721551708433	0.0736353937738966	0.0718997795403059	0.0718997795403059	0.0718997795403059	0.0718997795403059	0.0718997795403059	

