precision:	0.2	0.2	0.2	0.225	0.2	0.183333333333333	0.157142857142857	0.1375	0.122222222222222	0.11	

MAP:	0.108301008313748

NDCG:	0.2	0.2	0.2	0.219799429628753	0.208212903316657	0.201335694626759	0.188869324346459	0.182161294702421	0.176644362138957	0.171997538364444	

