precision:	0.1	0.1	0.133333333333333	0.1	0.12	0.116666666666667	0.114285714285714	0.1	0.0888888888888889	0.08	

MAP:	0.0814660456837226

NDCG:	0.1	0.1	0.123981246656813	0.108011549494823	0.122034837203866	0.126161162417805	0.135891322900078	0.134526388104737	0.133403815066302	0.13245828980863	

