precision:	0.2	0.1	0.133333333333333	0.1	0.12	0.1	0.1	0.1125	0.111111111111111	0.1	

MAP:	0.137032569722012

NDCG:	0.2	0.1	0.13597186998522	0.126072155170843	0.143957618317252	0.137101638553528	0.140153392285483	0.158145512232623	0.161194113552002	0.158032901429246	

