precision:	0	0.05	0.0333333333333333	0.025	0.04	0.0666666666666667	0.0714285714285714	0.0625	0.0555555555555556	0.06	

MAP:	0.0610138214725159

NDCG:	0	0.05	0.0380093766715934	0.0380093766715934	0.0501015766619538	0.0685119635360179	0.0742628107061864	0.0730222088582984	0.0720018918507564	0.0825844577017647	

