precision:	0.3	0.2	0.133333333333333	0.1	0.08	0.0666666666666667	0.0571428571428571	0.05	0.0444444444444444	0.04	

MAP:	0.0761622383443235

NDCG:	0.3	0.2	0.152037506686374	0.12775757729592	0.112308875546458	0.10405622511858	0.0977690320668199	0.0944298619935188	0.0930567332888241	0.0919001690138325	

