precision:	0.1	0.1	0.133333333333333	0.15	0.12	0.116666666666667	0.1	0.1	0.1	0.1	

MAP:	0.0785952854543306

NDCG:	0.1	0.1	0.123981246656813	0.13612121135204	0.11966116224605	0.120485730777526	0.112839011207251	0.116941041204654	0.121473370977988	0.133612893399161	

