precision:	0	0.1	0.0666666666666667	0.075	0.08	0.0833333333333333	0.0714285714285714	0.0625	0.0666666666666667	0.06	

MAP:	0.0383450982942118

NDCG:	0	0.1	0.0760187533431869	0.0798484858099498	0.0917268751202058	0.0972055107859105	0.0919661832427768	0.0877922206511504	0.0914145336788759	0.0887365497223875	

