precision:	0.3	0.15	0.133333333333333	0.125	0.14	0.116666666666667	0.1	0.1	0.1	0.09	

MAP:	0.122339325612715

NDCG:	0.3	0.15	0.15	0.15	0.164023287709043	0.157167307945319	0.151944153431481	0.154970081697349	0.158325065172879	0.155421913824097	

