precision:	0.1	0.1	0.133333333333333	0.15	0.12	0.116666666666667	0.142857142857143	0.125	0.111111111111111	0.1	

MAP:	0.111005601928718

NDCG:	0.1	0.1	0.13597186998522	0.15418181702806	0.141583943359436	0.145519567862482	0.166389956646748	0.162885051572666	0.160002487546993	0.157574550121265	

