precision:	0.2	0.1	0.0666666666666667	0.05	0.06	0.05	0.0428571428571429	0.0375	0.0333333333333333	0.05	

MAP:	0.0450487124683524

NDCG:	0.2	0.1	0.0760187533431869	0.0638787886479598	0.0682466377635893	0.0615601297845839	0.0564660855289186	0.0531269154556175	0.0503806580462281	0.0701121380192613	

