precision:	0	0	0.0666666666666667	0.1	0.14	0.116666666666667	0.114285714285714	0.125	0.122222222222222	0.13	

MAP:	0.102511514297775

NDCG:	0	0	0.0479624933136263	0.0760721551708433	0.106049818307612	0.0991938385438883	0.102245592275843	0.118181387094358	0.130272142255695	0.142514156962425	

