precision:	0.1	0.1	0.0666666666666667	0.075	0.1	0.0833333333333333	0.1	0.1	0.0888888888888889	0.1	

MAP:	0.110687692408669

NDCG:	0.1	0.1	0.0760187533431869	0.0859184681575633	0.104309604982236	0.0989985387412101	0.116766481387882	0.120970133476943	0.118058802546251	0.130950351049639	

