precision:	0.1	0.1	0.1	0.1	0.12	0.133333333333333	0.128571428571429	0.1375	0.133333333333333	0.13	

MAP:	0.116672553462979

NDCG:	0.1	0.1	0.1	0.103829732466763	0.11835869385407	0.129891872038236	0.130403391665271	0.144199742243527	0.145126265649026	0.155229161133083	

