precision:	0	0.05	0.0666666666666667	0.1	0.14	0.116666666666667	0.128571428571429	0.125	0.122222222222222	0.13	

MAP:	0.110040600445927

NDCG:	0	0.05	0.0619906233284066	0.0901002851856236	0.120077948322393	0.113221968558669	0.129812935438541	0.133078938033192	0.145169693194528	0.157411707901258	

