precision:	0.3	0.15	0.133333333333333	0.1	0.08	0.0833333333333333	0.0714285714285714	0.0625	0.0555555555555556	0.05	

MAP:	0.0814473978132042

NDCG:	0.3	0.15	0.138009376671593	0.11596969716199	0.105808584890312	0.110927048060406	0.105413326971631	0.103743741934981	0.102370613230286	0.101214048955294	

