precision:	0.1	0.2	0.133333333333333	0.1	0.1	0.0833333333333333	0.0714285714285714	0.075	0.0666666666666667	0.06	

MAP:	0.201994494878222

NDCG:	0.1	0.25	0.226018753343187	0.226018753343187	0.238110953333547	0.23692621230646	0.236023630085302	0.26863791228164	0.26804653793731	0.267548432816166	

