precision:	0.3	0.15	0.1	0.075	0.06	0.0666666666666667	0.0571428571428571	0.0625	0.0555555555555556	0.05	

MAP:	0.0720022487548158

NDCG:	0.3	0.15	0.11402813001478	0.0958181829719397	0.0880938320972088	0.0949479095008931	0.0907564474663862	0.0968303972275362	0.0954572685228415	0.0943007042478499	

