precision:	0.1	0.2	0.133333333333333	0.1	0.1	0.0833333333333333	0.0857142857142857	0.075	0.0666666666666667	0.06	

MAP:	0.196134814723989

NDCG:	0.1	0.25	0.226018753343187	0.226018753343187	0.238110953333547	0.23692621230646	0.271644348796104	0.270925297659108	0.270333923314779	0.269835818193635	

