precision:	0.4	0.2	0.133333333333333	0.15	0.12	0.116666666666667	0.1	0.0875	0.0777777777777778	0.07	

MAP:	0.135370089195482

NDCG:	0.4	0.2	0.16402813001478	0.17775757729592	0.168102138702506	0.171022493963184	0.164972426992817	0.164137634474492	0.163451070122144	0.162872787984649	

