precision:	0	0.05	0.0666666666666667	0.075	0.1	0.1	0.1	0.0875	0.0777777777777778	0.07	

MAP:	0.0810891627807472

NDCG:	0	0.05	0.0619906233284066	0.0741305880236336	0.100661447814748	0.107898829000257	0.113412550089032	0.112047615293691	0.110925042255256	0.109979516997585	

