precision:	0.2	0.15	0.133333333333333	0.125	0.1	0.1	0.1	0.1	0.0888888888888889	0.08	

MAP:	0.138816752972956

NDCG:	0.2	0.15	0.15	0.153829732466763	0.146105381592032	0.155307648706755	0.159391094918041	0.165983383180748	0.16503655529908	0.164239057366978	

