precision:	0	0.15	0.133333333333333	0.125	0.14	0.133333333333333	0.114285714285714	0.1	0.1	0.1	

MAP:	0.124221071697986

NDCG:	0	0.15	0.138009376671593	0.172039679509603	0.217038423035626	0.218413864773605	0.211186822036439	0.209517236999788	0.218219865390119	0.224056409854945	

