precision:	0	0.05	0.0333333333333333	0.05	0.06	0.0666666666666667	0.0714285714285714	0.0625	0.0777777777777778	0.07	

MAP:	0.120764836043877

NDCG:	0	0.05	0.0380093766715934	0.0819393943239799	0.0901694188769748	0.0960313583245042	0.127843024369662	0.127197140711316	0.154429809184904	0.153982389048376	

