precision:	0.2	0.2	0.166666666666667	0.125	0.12	0.1	0.0857142857142857	0.0875	0.0777777777777778	0.07	

MAP:	0.177887012296738

NDCG:	0.2	0.25	0.238009376671593	0.21596969716199	0.215701957867347	0.205713693205879	0.198104241099851	0.204178190861001	0.202805062156306	0.201648497881315	

