precision:	0.3	0.15	0.133333333333333	0.15	0.12	0.116666666666667	0.1	0.0875	0.0777777777777778	0.07	

MAP:	0.152518963884318

NDCG:	0.3	0.15	0.15	0.2	0.193701063165688	0.199012129406714	0.194783399907959	0.194783399907959	0.194783399907959	0.194783399907959	

