precision:	0.2	0.3	0.266666666666667	0.2	0.18	0.15	0.128571428571429	0.1125	0.1	0.09	

MAP:	0.213183154188385

NDCG:	0.2	0.35	0.396676969722092	0.378467022679252	0.383250243886592	0.374997593458715	0.368710400406954	0.367040815370304	0.365667686665609	0.364511122390618	

