precision:	0.2	0.25	0.166666666666667	0.15	0.18	0.166666666666667	0.142857142857143	0.125	0.111111111111111	0.1	

MAP:	0.237309542902584

NDCG:	0.2	0.3	0.26402813001478	0.273927844829157	0.317447245700222	0.325867465552778	0.322869152314366	0.322150101177371	0.321558726833041	0.321060621711897	

