precision:	0.1	0.05	0.0333333333333333	0.05	0.04	0.0666666666666667	0.0857142857142857	0.1	0.1	0.09	

MAP:	0.0759594453240424

NDCG:	0.1	0.05	0.0380093766715934	0.0479090914859699	0.0421158283299217	0.0575846310171341	0.0693693721283737	0.0871646535112914	0.0930441056349696	0.0922672737213601	

