precision:	0.1	0.15	0.133333333333333	0.15	0.14	0.116666666666667	0.1	0.0875	0.0777777777777778	0.08	

MAP:	0.10389220922714

NDCG:	0.1	0.15	0.138009376671593	0.153979073833583	0.160187709081343	0.152950327895834	0.147436606807059	0.145548423412993	0.143995511305371	0.148416518451633	

