precision:	0	0.1	0.0666666666666667	0.05	0.08	0.0666666666666667	0.0714285714285714	0.075	0.0666666666666667	0.06	

MAP:	0.125812051891596

NDCG:	0	0.15	0.15	0.15	0.178461947509797	0.17727720648271	0.184649532507345	0.196005555404671	0.194925062746905	0.194014981118656	

