precision:	0	0	0	0.025	0.04	0.05	0.0428571428571429	0.0625	0.0777777777777778	0.07	

MAP:	0.107083732972814

NDCG:	0	0	0	0.05	0.0620921999903604	0.0802500993250004	0.079347517103842	0.120424385234976	0.143526068826885	0.143526068826885	

