precision:	0.1	0.15	0.133333333333333	0.125	0.12	0.116666666666667	0.114285714285714	0.1	0.0888888888888889	0.09	

MAP:	0.197579398774716

NDCG:	0.1	0.2	0.2	0.240100285185624	0.245893548341672	0.25001987355561	0.256265603645777	0.254596018609126	0.253222889904431	0.259059434369257	

