precision:	0.2	0.1	0.0666666666666667	0.05	0.04	0.05	0.0428571428571429	0.05	0.0444444444444444	0.04	

MAP:	0.0851635166031207

NDCG:	0.2	0.1	0.0760187533431869	0.0699487709955733	0.0660865955582079	0.0756915564378513	0.0735958254205979	0.0807828318728483	0.0803251223046167	0.0799396008796195	

