precision:	0.3	0.15	0.133333333333333	0.125	0.1	0.0833333333333333	0.0714285714285714	0.0625	0.0555555555555556	0.05	

MAP:	0.0861710874646457

NDCG:	0.3	0.15	0.138009376671593	0.13193939432398	0.121778282052302	0.114540900866793	0.109027179778019	0.107357594741368	0.105984466036673	0.104827901761682	

