precision:	0.2	0.15	0.166666666666667	0.125	0.14	0.116666666666667	0.1	0.0875	0.0888888888888889	0.08	

MAP:	0.180907341125622

NDCG:	0.2	0.2	0.223981246656813	0.20418181702806	0.217431691764197	0.20727395531801	0.199535392953809	0.197762950941073	0.203633668594091	0.202405852659937	

