precision:	0.2	0.15	0.133333333333333	0.125	0.14	0.116666666666667	0.1	0.0875	0.0888888888888889	0.08	

MAP:	0.180355134504663

NDCG:	0.2	0.2	0.2	0.2	0.213755548414401	0.203957984463825	0.196493815645265	0.194939971989944	0.20099047304589	0.19991408578725	

