precision:	0.1	0.05	0.0666666666666667	0.05	0.04	0.05	0.0428571428571429	0.0375	0.0333333333333333	0.03	

MAP:	0.041746201457717

NDCG:	0.1	0.05	0.0619906233284066	0.0520909085140302	0.0482287330766647	0.0552754135512811	0.0523689431067946	0.0517230594484496	0.0511918607543441	0.0507444406178164	

