precision:	0.1	0.2	0.133333333333333	0.1	0.1	0.0833333333333333	0.1	0.0875	0.0777777777777778	0.08	

MAP:	0.21118930564379

NDCG:	0.1	0.25	0.226018753343187	0.226018753343187	0.238110953333547	0.23692621230646	0.279919257041897	0.279200205904901	0.278608831560572	0.285103835179245	

