precision:	0.3	0.3	0.266666666666667	0.2	0.18	0.15	0.128571428571429	0.125	0.122222222222222	0.11	

MAP:	0.218028408369743

NDCG:	0.3	0.35	0.338009376671593	0.306069982347614	0.302117505323695	0.287642742952677	0.276615300775128	0.281079331314987	0.285710585039408	0.28343878852641	

