precision:	0	0.05	0.1	0.15	0.16	0.183333333333333	0.157142857142857	0.1375	0.122222222222222	0.12	

MAP:	0.152785356209949

NDCG:	0	0.05	0.0935371110069795	0.203436825821356	0.221827962646028	0.252189597750735	0.246430097355305	0.245065162559964	0.243942589521529	0.249990173003675	

