precision:	0.1	0.2	0.133333333333333	0.1	0.1	0.1	0.1	0.0875	0.0777777777777778	0.08	

MAP:	0.212957575937084

NDCG:	0.1	0.25	0.226018753343187	0.226018753343187	0.238110953333547	0.275611493029914	0.282983819054549	0.282264767917553	0.281673393573224	0.288168397191897	

