precision:	0.3	0.2	0.133333333333333	0.1	0.08	0.0666666666666667	0.0571428571428571	0.0625	0.0555555555555556	0.05	

MAP:	0.23504874809449

NDCG:	0.3	0.3	0.288009376671593	0.28193939432398	0.278077218886614	0.275326335410655	0.273230604393402	0.280417610845652	0.279959901277421	0.279574379852423	

