precision:	0.3	0.2	0.166666666666667	0.125	0.1	0.0833333333333333	0.0714285714285714	0.0625	0.0555555555555556	0.05	

MAP:	0.128733945823828

NDCG:	0.3	0.25	0.238009376671593	0.21596969716199	0.205808584890312	0.198571203704803	0.193057482616029	0.193057482616029	0.193057482616029	0.193057482616029	

