precision:	0	0.2	0.133333333333333	0.175	0.16	0.15	0.128571428571429	0.1125	0.111111111111111	0.1	

MAP:	0.165166947573686

NDCG:	0	0.25	0.21402813001478	0.283827559643533	0.284333233321797	0.287251686222435	0.280061910949516	0.279227118431191	0.285868993831466	0.285290711693971	

