precision:	0.1	0.05	0.0666666666666667	0.05	0.04	0.0333333333333333	0.0285714285714286	0.025	0.0222222222222222	0.02	

MAP:	0.0816608241351185

NDCG:	0.1	0.05	0.0739812466568131	0.0701515141900503	0.0677147527931035	0.0659791385595128	0.064656879505245	0.064656879505245	0.064656879505245	0.064656879505245	

