precision:	0.3	0.15	0.1	0.1	0.08	0.0666666666666667	0.0714285714285714	0.0625	0.0555555555555556	0.05	

MAP:	0.0769140423736484

NDCG:	0.3	0.15	0.11402813001478	0.11178788013393	0.104063529259199	0.0985617623072805	0.102645208518566	0.100975623481916	0.0996024947772212	0.0984459305022295	

