precision:	0.1	0.1	0.1	0.125	0.12	0.116666666666667	0.1	0.0875	0.0777777777777778	0.07	

MAP:	0.095158381815166

NDCG:	0.1	0.1	0.1	0.122039679509603	0.13068507615431	0.134980873152967	0.129978671691227	0.128497995514557	0.127280232468104	0.12625453019408	

