precision:	0.4	0.2	0.2	0.175	0.14	0.116666666666667	0.1	0.0875	0.0777777777777778	0.08	

MAP:	0.144932770890663

NDCG:	0.4	0.2	0.211990623328407	0.20209090851403	0.189493034845406	0.180520039426306	0.173684059283264	0.172630668407523	0.171764320652248	0.178027718579055	

