precision:	0.2	0.15	0.1	0.1	0.08	0.0666666666666667	0.0571428571428571	0.05	0.0444444444444444	0.04	

MAP:	0.0936741553283126

NDCG:	0.2	0.2	0.176018753343187	0.17984848580995	0.172124134935219	0.166622367983301	0.162430905948794	0.162430905948794	0.162430905948794	0.162430905948794	

