precision:	0.1	0.05	0.0333333333333333	0.075	0.06	0.0666666666666667	0.0571428571428571	0.05	0.0444444444444444	0.04	

MAP:	0.0711615975088105

NDCG:	0.1	0.05	0.0380093766715934	0.0979090914859699	0.0940469160486044	0.101093596523221	0.0981871260787343	0.0975412424203893	0.0970100437262838	0.0965626235897561	

