precision:	0	0	0.133333333333333	0.15	0.14	0.183333333333333	0.157142857142857	0.15	0.133333333333333	0.12	

MAP:	0.142365971698202

NDCG:	0	0	0.103490227649012	0.161800459877476	0.167088049355261	0.234041080814259	0.227824636121472	0.236990424719462	0.235772661673009	0.234746959398986	

