precision:	0.2	0.3	0.3	0.225	0.2	0.166666666666667	0.142857142857143	0.125	0.111111111111111	0.1	

MAP:	0.268439722691458

NDCG:	0.2	0.35	0.413092975357146	0.393293545728393	0.404666261360385	0.397428880174876	0.391915159086101	0.390861768210361	0.389995420455086	0.389265709642076	

