precision:	0.3	0.25	0.2	0.15	0.12	0.1	0.0857142857142857	0.075	0.0666666666666667	0.06	

MAP:	0.255040015181297

NDCG:	0.3	0.35	0.35	0.33403030283801	0.323869190566332	0.316631809380823	0.311118088292049	0.311118088292049	0.311118088292049	0.311118088292049	

