precision:	0.2	0.25	0.233333333333333	0.225	0.2	0.166666666666667	0.142857142857143	0.125	0.133333333333333	0.12	

MAP:	0.259930589954043

NDCG:	0.2	0.3	0.351102352028739	0.373142031538343	0.378667555399748	0.372805615952219	0.368339760372071	0.36728636949633	0.386571535931106	0.385841825118096	

