precision:	0	0	0	0.025	0.02	0.0333333333333333	0.0285714285714286	0.0375	0.0333333333333333	0.03	

MAP:	0.0278296252712936

NDCG:	0	0	0	0.01596969716199	0.0140386094433072	0.0224607316559032	0.0206021267200435	0.0263084569956236	0.0246329843809392	0.0236072821069157	

