precision:	0.2	0.15	0.133333333333333	0.175	0.18	0.166666666666667	0.142857142857143	0.1375	0.122222222222222	0.11	

MAP:	0.0618540142391547

NDCG:	0.2	0.15	0.138009376671593	0.16387878864796	0.168246637763589	0.161560129784584	0.148191177283126	0.144727674262372	0.135510590384975	0.128325470668185	

