precision:	0	0.1	0.0666666666666667	0.05	0.06	0.05	0.0857142857142857	0.075	0.0666666666666667	0.06	

MAP:	0.0582244424566066

NDCG:	0	0.1	0.0760187533431869	0.0638787886479598	0.0721088132009547	0.0681731886979085	0.0899996001968754	0.0858268094546006	0.0823949514652665	0.0795043525478175	

