precision:	0	0.25	0.2	0.15	0.12	0.1	0.1	0.0875	0.0777777777777778	0.07	

MAP:	0.0623153952417192

NDCG:	0	0.25	0.21402813001478	0.17984848580995	0.160537608623122	0.146783191243327	0.144579444402852	0.135636801030057	0.128282039193147	0.122087241311084	

