precision:	0.1	0.15	0.1	0.075	0.06	0.05	0.0714285714285714	0.075	0.0666666666666667	0.06	

MAP:	0.058575448400703

NDCG:	0.1	0.15	0.11402813001478	0.0958181829719397	0.0842316566598433	0.0759790062319659	0.0893437632360772	0.090927296388833	0.0858610823930809	0.0815938916360042	

