precision:	0.1	0.15	0.1	0.1	0.08	0.1	0.128571428571429	0.125	0.111111111111111	0.1	

MAP:	0.140995491464042

NDCG:	0.1	0.15	0.11402813001478	0.11178788013393	0.0982702661031506	0.110795582243472	0.15482031945824	0.171486986124906	0.171486986124906	0.171486986124906	

