precision:	0.2	0.15	0.166666666666667	0.125	0.1	0.1	0.114285714285714	0.1	0.0888888888888889	0.08	

MAP:	0.146932427612267

NDCG:	0.2	0.15	0.173981246656813	0.158011549494823	0.150287198620092	0.159489465734815	0.171847820191894	0.170658383812808	0.169680147185935	0.168856194171726	

