precision:	0	0.05	0.0666666666666667	0.1	0.1	0.0833333333333333	0.1	0.1	0.0888888888888889	0.08	

MAP:	0.100121562759635

NDCG:	0	0.05	0.0619906233284066	0.0840303028380101	0.0898235659940582	0.0841523272574214	0.0963815714563275	0.103071715378388	0.102205367623113	0.101475656810103	

