precision:	0.2	0.15	0.233333333333333	0.225	0.22	0.183333333333333	0.171428571428571	0.15	0.144444444444444	0.13	

MAP:	0.203658350878176

NDCG:	0.2	0.15	0.300167197371105	0.315342153240138	0.326660940257592	0.315127762073426	0.319880547348516	0.31810810533578	0.323978822988798	0.322751007054644	

