precision:	0.2	0.15	0.1	0.075	0.08	0.0833333333333333	0.0857142857142857	0.1	0.1	0.11	

MAP:	0.165485556315389

NDCG:	0.2	0.15	0.126018753343187	0.11387878864796	0.122524185292666	0.126819982291323	0.133194822639662	0.153608149661327	0.16093658941395	0.181717089293916	

