precision:	0	0	0.0333333333333333	0.025	0.04	0.05	0.0571428571428571	0.05	0.0555555555555556	0.05	

MAP:	0.0703837647522897

NDCG:	0	0	0.0239812466568131	0.0201515141900502	0.0298069527834639	0.0655718782462403	0.0716219452166071	0.0692547850143281	0.0736765150384017	0.0716718671906382	

