precision:	0.1	0.05	0.0333333333333333	0.025	0.02	0.0166666666666667	0.0142857142857143	0.0125	0.0222222222222222	0.03	

MAP:	0.064726671609348

NDCG:	0.1	0.05	0.05	0.05	0.05	0.05	0.05	0.05	0.0563685704371148	0.0674456775252502	

