precision:	0.1	0.1	0.133333333333333	0.1	0.12	0.1	0.0857142857142857	0.075	0.0777777777777778	0.07	

MAP:	0.125329158672972

NDCG:	0.1	0.1	0.163092975357146	0.147123278195156	0.161146565904199	0.151539702664516	0.144220817133424	0.140059738947042	0.1524107576377	0.14952827230741	

