precision:	0	0.1	0.1	0.075	0.08	0.0833333333333333	0.0714285714285714	0.075	0.0666666666666667	0.07	

MAP:	0.0895724157742186

NDCG:	0	0.1	0.1	0.0840303028380101	0.0859613905566928	0.0873368322946723	0.0801097895575062	0.0820958286109246	0.0773606504078252	0.0803653945269775	

