precision:	0	0.05	0.0666666666666667	0.05	0.04	0.0333333333333333	0.0285714285714286	0.0375	0.0333333333333333	0.04	

MAP:	0.0437151802855319

NDCG:	0	0.05	0.0619906233284066	0.055920640980793	0.0520584655434276	0.0493075820674685	0.047211851050215	0.0549013389757692	0.0535282102710746	0.0593647547359003	

