precision:	0.1	0.1	0.1	0.075	0.06	0.05	0.0571428571428571	0.0625	0.0666666666666667	0.06	

MAP:	0.0656147382902479

NDCG:	0.1	0.1	0.1	0.0840303028380101	0.0738691905663324	0.0693826928567826	0.0763353420483077	0.0913538996496909	0.0963670040180943	0.0948604612914748	

