precision:	0.1	0.1	0.0666666666666667	0.05	0.04	0.0333333333333333	0.0428571428571429	0.0625	0.0666666666666667	0.06	

MAP:	0.0610865370481174

NDCG:	0.1	0.1	0.0760187533431869	0.0638787886479598	0.0561544377732289	0.0506526708213106	0.0564625159482208	0.0674973587794205	0.0702042526706829	0.0698187312456857	

