precision:	0.3	0.15	0.1	0.075	0.06	0.05	0.0714285714285714	0.0625	0.0555555555555556	0.05	

MAP:	0.0720555052576844

NDCG:	0.3	0.15	0.11402813001478	0.0958181829719397	0.0842316566598433	0.0759790062319659	0.0862416296717913	0.0800434381827538	0.0749458154417966	0.0710641461097172	

