precision:	0.2	0.2	0.133333333333333	0.1	0.12	0.1	0.0857142857142857	0.0875	0.0888888888888889	0.09	

MAP:	0.0796127373403591

NDCG:	0.2	0.2	0.152037506686374	0.12775757729592	0.140770823056255	0.128582548125332	0.119297041835159	0.119086657003812	0.118913628709587	0.120637469973924	

