precision:	0.3	0.2	0.133333333333333	0.125	0.1	0.0833333333333333	0.0714285714285714	0.0625	0.0666666666666667	0.06	

MAP:	0.0854539704996785

NDCG:	0.3	0.2	0.152037506686374	0.14372727445791	0.126347484989765	0.113968509347949	0.104537719770308	0.0970245871053807	0.0972140783713695	0.0928012480023936	

