precision:	0.2	0.2	0.133333333333333	0.1	0.1	0.0833333333333333	0.0857142857142857	0.075	0.0666666666666667	0.08	

MAP:	0.0563584932262837

NDCG:	0.2	0.2	0.152037506686374	0.12775757729592	0.124401075536818	0.112212800605895	0.111202202561515	0.103210093088374	0.0966370856118296	0.104213416473285	

