precision:	0	0	0.0333333333333333	0.025	0.02	0.05	0.0428571428571429	0.05	0.0555555555555556	0.06	

MAP:	0.0469510954955709

NDCG:	0	0	0.0239812466568131	0.0201515141900502	0.0177147527931035	0.035574266460664	0.0326305285519302	0.0396444433217043	0.0440842686153333	0.0493658485755733	

