precision:	0	0.1	0.0666666666666667	0.075	0.06	0.0666666666666667	0.0714285714285714	0.0625	0.0666666666666667	0.07	

MAP:	0.0712949762779228

NDCG:	0	0.1	0.0760187533431869	0.0798484858099498	0.0701930472165361	0.0731134024772138	0.0806025486547647	0.0757827024047932	0.0781872523860659	0.0817172910659992	

