precision:	0.3	0.15	0.2	0.15	0.12	0.1	0.0857142857142857	0.075	0.0777777777777778	0.07	

MAP:	0.0889269832574689

NDCG:	0.3	0.15	0.18597186998522	0.15627272554209	0.137375915039154	0.125652036144095	0.116720324983799	0.109604788122366	0.110121276934847	0.105983871352339	

