precision:	0.1	0.1	0.1	0.1	0.08	0.0666666666666667	0.0571428571428571	0.0625	0.0555555555555556	0.05	

MAP:	0.0593996320960442

NDCG:	0.1	0.1	0.1	0.1	0.0879078000096396	0.0792949770861511	0.0727333904887496	0.0746930434736331	0.06993616438839	0.0665078036003993	

