precision:	0.1	0.05	0.1	0.075	0.08	0.0666666666666667	0.0714285714285714	0.075	0.0777777777777778	0.08	

MAP:	0.0484646497593314

NDCG:	0.1	0.05	0.0859718699852197	0.0722424227040804	0.0755989244631819	0.0681920714929543	0.0708241483917997	0.0729210187293801	0.0746455627252526	0.0768749503748673	

