precision:	0.1	0.05	0.0666666666666667	0.075	0.08	0.1	0.114285714285714	0.1	0.0888888888888889	0.1	

MAP:	0.0782921461023411

NDCG:	0.1	0.05	0.0619906233284066	0.0741305880236336	0.0818549388983646	0.0971542698008584	0.108809900653925	0.103721462427088	0.099536541960052	0.109058758251315	

