precision:	0.1	0.1	0.1	0.1	0.1	0.1	0.0857142857142857	0.075	0.0666666666666667	0.1	

MAP:	0.0918615040677418

NDCG:	0.1	0.1	0.1	0.10910497352142	0.114898236677468	0.121775445367366	0.118739864664707	0.116321538993626	0.114332618199916	0.139821758987455	

