precision:	0	0.1	0.133333333333333	0.1	0.1	0.1	0.1	0.1125	0.1	0.1	

MAP:	0.074083214791274

NDCG:	0	0.1	0.123981246656813	0.108011549494823	0.109942637213506	0.111318078951486	0.112365944460112	0.120387743430688	0.114248027777689	0.116347729596681	

