precision:	0.1	0.05	0.0666666666666667	0.05	0.04	0.05	0.0714285714285714	0.0875	0.0777777777777778	0.08	

MAP:	0.0540973164224097

NDCG:	0.1	0.05	0.0619906233284066	0.0520909085140302	0.045791971679718	0.0511030379207437	0.0686884298156999	0.0812709314698761	0.0775534284341329	0.0813283663238073	

