precision:	0	0	0.0666666666666667	0.05	0.08	0.0833333333333333	0.0714285714285714	0.075	0.0777777777777778	0.09	

MAP:	0.0641315769101965

NDCG:	0	0	0.0479624933136263	0.0441327608468634	0.0658803994306374	0.0715728670934482	0.0676347041696306	0.0716843338138044	0.075014899544648	0.0835491817148552	

