precision:	0.1	0.05	0.0666666666666667	0.075	0.06	0.05	0.0428571428571429	0.0375	0.0333333333333333	0.03	

MAP:	0.0850814413694209

NDCG:	0.1	0.05	0.0619906233284066	0.0741305880236336	0.0697627389080042	0.0666516829364339	0.0642815583735394	0.0623933749794735	0.0608404628718513	0.0601107520588413	

