precision:	0.1	0.05	0.1	0.075	0.08	0.0833333333333333	0.0714285714285714	0.075	0.0666666666666667	0.06	

MAP:	0.0627916986696106

NDCG:	0.1	0.05	0.0859718699852197	0.0760721551708433	0.0818654183268915	0.0859917435408302	0.0808604318209175	0.0839595275654363	0.0801397684988	0.0769224467281293	

