precision:	0.2	0.15	0.1	0.075	0.1	0.0833333333333333	0.0714285714285714	0.075	0.0666666666666667	0.06	

MAP:	0.0574869248028587

NDCG:	0.2	0.15	0.11402813001478	0.0958181829719397	0.112693604169641	0.103256212714676	0.0960664374417574	0.0975256376470606	0.0923571676204154	0.0891604125242908	

