precision:	0.2	0.2	0.2	0.175	0.14	0.116666666666667	0.114285714285714	0.1125	0.111111111111111	0.1	

MAP:	0.0998411196884873

NDCG:	0.2	0.2	0.2	0.190100285185624	0.171709148360951	0.158609827727913	0.156905159304783	0.155547118187732	0.154430214766198	0.150032261352099	

