precision:	0.2	0.1	0.1	0.1	0.08	0.0833333333333333	0.0857142857142857	0.0875	0.0777777777777778	0.07	

MAP:	0.0897287936231228

NDCG:	0.2	0.1	0.1	0.106069982347614	0.0978399577946186	0.101775582297665	0.104773895536077	0.107162531709723	0.102758464321632	0.100039247672106	

