precision:	0.1	0.2	0.166666666666667	0.15	0.14	0.116666666666667	0.1	0.0875	0.0888888888888889	0.08	

MAP:	0.0626711279481799

NDCG:	0.1	0.2	0.176018753343187	0.167708521114723	0.162420931636939	0.151608098443994	0.143370457662449	0.136807858897176	0.13777910452353	0.135181297583394	

