precision:	0.1	0.05	0.0666666666666667	0.05	0.08	0.1	0.0857142857142857	0.075	0.0777777777777778	0.07	

MAP:	0.0458008447257783

NDCG:	0.1	0.05	0.0619906233284066	0.0520909085140302	0.0699763716604387	0.083900260824953	0.0779582096778073	0.0732244153117306	0.0756997375563353	0.0725030818041567	

