precision:	0	0.05	0.133333333333333	0.1	0.1	0.1	0.1	0.1	0.1	0.09	

MAP:	0.0622143007654692

NDCG:	0	0.05	0.109953116642033	0.0923939368941306	0.0933136772562854	0.0939687740030427	0.0944678524203873	0.0948654482238821	0.0951924457703743	0.0912808568161168	

