precision:	0.1	0.1	0.133333333333333	0.125	0.12	0.1	0.0857142857142857	0.075	0.0777777777777778	0.07	

MAP:	0.0691902475786231

NDCG:	0.1	0.1	0.123981246656813	0.12015151419005	0.12199230032218	0.111643863165101	0.103760017513432	0.0974792731703241	0.0986823263351525	0.0943314940216532	

