precision:	0	0.05	0.0666666666666667	0.05	0.06	0.0666666666666667	0.0571428571428571	0.05	0.0444444444444444	0.05	

MAP:	0.0454752798720898

NDCG:	0	0.05	0.0619906233284066	0.0520909085140302	0.0578841716700783	0.0647613803599762	0.061725799657317	0.0593074739862359	0.0573185531925259	0.0625494481681495	

