precision:	0	0	0	0	0	0	0	0	0	0.01	

MAP:	0.0145063807470087

NDCG:	0	0	0	0	0	0	0	0	0	0.00607716063545352	

