precision:	0.1	0.1	0.133333333333333	0.1	0.1	0.1	0.1	0.1	0.1	0.09	

MAP:	0.0657440639317456

NDCG:	0.1	0.1	0.123981246656813	0.10418181702806	0.103676143349796	0.103315970854185	0.103041577308544	0.102822978951129	0.102643195548201	0.0983047531319622	

