precision:	0	0	0.0333333333333333	0.025	0.02	0.0166666666666667	0.0142857142857143	0.0125	0.0222222222222222	0.02	

MAP:	0.0222300274183897

NDCG:	0	0	0.0239812466568131	0.0239812466568131	0.0239812466568131	0.0239812466568131	0.0239812466568131	0.0239812466568131	0.0303498170939279	0.0299849616874229	

