precision:	0	0	0.0333333333333333	0.025	0.02	0.0166666666666667	0.0142857142857143	0.025	0.0222222222222222	0.04	

MAP:	0.0274178359772474

NDCG:	0	0	0.0239812466568131	0.0239812466568131	0.0239812466568131	0.0239812466568131	0.0239812466568131	0.0311682531090636	0.030710543540832	0.042131182848056	

