precision:	0.1	0.15	0.1	0.15	0.12	0.116666666666667	0.114285714285714	0.1125	0.111111111111111	0.11	

MAP:	0.106411682128046

NDCG:	0.1	0.15	0.11402813001478	0.15283224797933	0.141245721667234	0.145541518665891	0.148814225449944	0.151421459981005	0.153565746432957	0.1563356480671	

