precision:	0.1	0.1	0.0666666666666667	0.075	0.1	0.0833333333333333	0.0714285714285714	0.0625	0.0555555555555556	0.05	

MAP:	0.0493493689608997

NDCG:	0.1	0.1	0.0760187533431869	0.0798484858099498	0.0943774471972569	0.0851307564531849	0.0780862644677344	0.072474199602117	0.067858629151721	0.0651275724969454	

