precision:	0	0	0.0333333333333333	0.025	0.02	0.0333333333333333	0.0428571428571429	0.0375	0.0333333333333333	0.04	

MAP:	0.0329729192096058

NDCG:	0	0	0.0239812466568131	0.0201515141900502	0.0177147527931035	0.0257767025100884	0.0319186122743805	0.029624619550752	0.0277379547879351	0.0357780633605249	

