precision:	0.1	0.05	0.0666666666666667	0.075	0.06	0.0833333333333333	0.0714285714285714	0.0625	0.0555555555555556	0.06	

MAP:	0.0709443773418893

NDCG:	0.1	0.05	0.0619906233284066	0.0741305880236336	0.0697627389080042	0.0862468108375851	0.0822552074202245	0.0790752567094686	0.0764599472136354	0.0811632450363796	

