precision:	0	0.1	0.1	0.1	0.1	0.0833333333333333	0.0857142857142857	0.075	0.0666666666666667	0.07	

MAP:	0.0389328852106341

NDCG:	0	0.1	0.1	0.1	0.1	0.0902024360494244	0.0927395743922817	0.0867931697879193	0.081902625926578	0.0846689636767041	

