precision:	0.1	0.2	0.166666666666667	0.125	0.12	0.116666666666667	0.114285714285714	0.1	0.0888888888888889	0.08	

MAP:	0.0852422950744585

NDCG:	0.1	0.2	0.176018753343187	0.14790909148597	0.142115828329922	0.137989503115983	0.134845906590103	0.125154522582876	0.117183968656951	0.112039039761294	

