precision:	0	0	0	0	0	0	0	0.0125	0.0111111111111111	0.01	

MAP:	0.0447627954129044

NDCG:	0	0	0	0	0	0	0	0.00935907296220482	0.00935907296220482	0.00935907296220482	

