precision:	0	0.05	0.0666666666666667	0.1	0.1	0.0833333333333333	0.0857142857142857	0.075	0.0777777777777778	0.08	

MAP:	0.0479834127112418

NDCG:	0	0.05	0.0619906233284066	0.087860035304773	0.0922278844204024	0.0882922599173562	0.0935688549247373	0.0905855005615483	0.0945004496362022	0.0987882070678249	

