precision:	0.1	0.1	0.1	0.1	0.1	0.0833333333333333	0.0857142857142857	0.075	0.0777777777777778	0.08	

MAP:	0.0719809225977425

NDCG:	0.1	0.1	0.1	0.1	0.1	0.0902024360494244	0.0910131754766574	0.0844720526827521	0.0854609609450891	0.0872039841348625	

