precision:	0	0	0	0	0	0	0	0	0.0222222222222222	0.03	

MAP:	0.0161599893612681

NDCG:	0	0	0	0	0	0	0	0	0.0127371408742296	0.0177364301579872	

