precision:	0	0.05	0.0333333333333333	0.05	0.06	0.0666666666666667	0.0857142857142857	0.075	0.0777777777777778	0.07	

MAP:	0.0630152846879186

NDCG:	0	0.05	0.0380093766715934	0.0479090914859699	0.054208028320282	0.0586945260298319	0.0703874243471461	0.0653286756177438	0.0675367433325084	0.0640795397487396	

