precision:	0	0.1	0.1	0.075	0.08	0.0833333333333333	0.0714285714285714	0.0625	0.0555555555555556	0.06	

MAP:	0.047731032394758

NDCG:	0	0.1	0.1	0.0901002851856236	0.0958935483416718	0.101755487789201	0.0979464351235563	0.0949119152915652	0.0924162135484354	0.0971996883875313	

