precision:	0	0	0.0666666666666667	0.075	0.08	0.0666666666666667	0.0571428571428571	0.05	0.0444444444444444	0.04	

MAP:	0.032507323556525

NDCG:	0	0	0.0479624933136263	0.0562727255420904	0.0615603150198746	0.0555289037876266	0.0509339379493059	0.0472733125425041	0.0442626783352773	0.0423051515881131	

