precision:	0	0	0	0	0	0	0	0.0125	0.0111111111111111	0.01	

MAP:	0.0456443644254049

NDCG:	0	0	0	0	0	0	0	0.00935907296220482	0.00935907296220482	0.00935907296220482	

