precision:	0.1	0.1	0.133333333333333	0.125	0.1	0.0833333333333333	0.0857142857142857	0.075	0.0888888888888889	0.09	

MAP:	0.0800064883667929

NDCG:	0.1	0.1	0.123981246656813	0.12015151419005	0.105622552802743	0.0952741156456639	0.0956651782397875	0.0887897157071371	0.0958722209956437	0.0964735568653027	

