precision:	0	0.05	0.0666666666666667	0.05	0.04	0.0333333333333333	0.0428571428571429	0.05	0.0555555555555556	0.05	

MAP:	0.0625239349852051

NDCG:	0	0.05	0.0619906233284066	0.0520909085140302	0.045791971679718	0.0413054739701681	0.0461623921444398	0.0500317044947562	0.0532139705902333	0.0505508635886221	

