precision:	0.1	0.05	0.0666666666666667	0.075	0.08	0.0666666666666667	0.0714285714285714	0.0625	0.0666666666666667	0.06	

MAP:	0.0335203627136133

NDCG:	0.1	0.05	0.0619906233284066	0.0680606056760201	0.0719227811133856	0.0660608416658562	0.0698698943315011	0.0657174077112418	0.0686708190226031	0.0654294298834961	

