precision:	0.2	0.1	0.133333333333333	0.125	0.1	0.116666666666667	0.114285714285714	0.1125	0.1	0.09	

MAP:	0.0986843741628385

NDCG:	0.2	0.1	0.123981246656813	0.126221496537664	0.115554710587722	0.127552284807753	0.128417599564664	0.129106961204225	0.123305347366754	0.120007848579731	

