precision:	0.2	0.15	0.133333333333333	0.175	0.16	0.15	0.142857142857143	0.125	0.122222222222222	0.12	

MAP:	0.0826932790325511

NDCG:	0.2	0.15	0.138009376671593	0.16387878864796	0.156154437773229	0.155559140937376	0.152178418330102	0.142298125462896	0.140540776315843	0.140050847971985	

