precision:	0.1	0.05	0.0666666666666667	0.075	0.06	0.05	0.0571428571428571	0.0625	0.0555555555555556	0.05	

MAP:	0.0650255284333662

NDCG:	0.1	0.05	0.0619906233284066	0.0741305880236336	0.0697627389080042	0.0666516829364339	0.0725564666193323	0.077260571487974	0.0747608314986836	0.0726553406160761	

