precision:	0.1	0.05	0.0666666666666667	0.05	0.04	0.0333333333333333	0.0285714285714286	0.025	0.0333333333333333	0.03	

MAP:	0.0260370797628027

NDCG:	0.1	0.05	0.0619906233284066	0.0520909085140302	0.045791971679718	0.0430410882037588	0.0409453571865053	0.0392757721498548	0.0442712138822749	0.0431146496072832	

