precision:	0.1	0.15	0.166666666666667	0.175	0.14	0.116666666666667	0.1	0.0875	0.0777777777777778	0.07	

MAP:	0.064702020322543

NDCG:	0.1	0.15	0.161990623328407	0.171890338142783	0.154004874996374	0.141265726858947	0.131560543735665	0.123828812713323	0.117469950139269	0.113270546501284	

