precision:	0.2	0.1	0.1	0.1	0.08	0.0833333333333333	0.0714285714285714	0.0625	0.0777777777777778	0.07	

MAP:	0.0757332024791793

NDCG:	0.2	0.1	0.1	0.1	0.0879078000096396	0.0890925410367267	0.0817202150120921	0.0758469778863802	0.0837537505494927	0.0797677736424985	

