precision:	0.2	0.2	0.133333333333333	0.1	0.14	0.116666666666667	0.1	0.1	0.1	0.1	

MAP:	0.0918319461726565

NDCG:	0.2	0.2	0.152037506686374	0.12775757729592	0.152863023046616	0.139490007088605	0.129301918577274	0.128372482608931	0.127608079970377	0.12883381611357	

