precision:	0.3	0.15	0.133333333333333	0.1	0.1	0.116666666666667	0.114285714285714	0.1125	0.111111111111111	0.1	

MAP:	0.103369676775527

NDCG:	0.3	0.15	0.138009376671593	0.11596969716199	0.117900784880673	0.138618866980379	0.139666732489006	0.140501525007331	0.141188089359679	0.136037371400407	

