precision:	0	0	0	0	0	0	0.0142857142857143	0.0125	0.0222222222222222	0.02	

MAP:	0.0413285001705218

NDCG:	0	0	0	0	0	0	0.00827490824579292	0.00827490824579292	0.0156033479984154	0.0156033479984154	

