precision:	0.1	0.15	0.166666666666667	0.15	0.12	0.133333333333333	0.114285714285714	0.125	0.111111111111111	0.1	

MAP:	0.0968362726032205

NDCG:	0.1	0.15	0.161990623328407	0.158160890861644	0.143631929474337	0.154614234451999	0.146431169000132	0.154286061120575	0.14800907507889	0.144415584830854	

