precision:	0	0	0.0666666666666667	0.075	0.08	0.0833333333333333	0.0857142857142857	0.075	0.0666666666666667	0.07	

MAP:	0.0672780722714255

NDCG:	0	0	0.0479624933136263	0.0562727255420904	0.0615603150198746	0.0653264677382022	0.0681956707184414	0.0632944434637515	0.0592634922489827	0.0625875454620585	

