precision:	0.2	0.1	0.0666666666666667	0.05	0.04	0.05	0.0428571428571429	0.05	0.0444444444444444	0.04	

MAP:	0.0664702823859712

NDCG:	0.2	0.1	0.0760187533431869	0.0638787886479598	0.0561544377732289	0.0604502347718862	0.0554480333101462	0.0586499860307505	0.0549148203590241	0.0529253145225075	

