precision:	0.2	0.2	0.133333333333333	0.15	0.14	0.116666666666667	0.1	0.0875	0.0777777777777778	0.07	

MAP:	0.0909974058937917

NDCG:	0.2	0.2	0.152037506686374	0.1596969716199	0.152478294423433	0.140290019492509	0.131004513202337	0.123607121918739	0.117523232755631	0.114133716947007	

