precision:	0.2	0.2	0.133333333333333	0.1	0.1	0.0833333333333333	0.0714285714285714	0.0625	0.0555555555555556	0.06	

MAP:	0.0664344913728923

NDCG:	0.2	0.2	0.152037506686374	0.12775757729592	0.124401075536818	0.112212800605895	0.102927294315722	0.0955299030321245	0.0894460138690162	0.0917053211408088	

