precision:	0	0	0	0.025	0.04	0.0333333333333333	0.0428571428571429	0.0375	0.0333333333333333	0.03	

MAP:	0.046051739849301

NDCG:	0	0	0	0.01596969716199	0.0261308094336676	0.023570626668601	0.0298950871846088	0.0277465253397451	0.0259794683296315	0.025069386701383	

