precision:	0.3	0.2	0.166666666666667	0.15	0.12	0.133333333333333	0.128571428571429	0.1125	0.1	0.1	

MAP:	0.102017581179731

NDCG:	0.3	0.2	0.176018753343187	0.16387878864796	0.144062237782869	0.149542775808613	0.145443156568031	0.13499014752113	0.126393204893082	0.126485122570736	

