precision:	0.2	0.1	0.133333333333333	0.1	0.08	0.0666666666666667	0.0571428571428571	0.05	0.0444444444444444	0.04	

MAP:	0.0675628935696958

NDCG:	0.2	0.1	0.123981246656813	0.10418181702806	0.0915839433594359	0.084346562173927	0.0788328410851522	0.0744402801361106	0.0708276749714463	0.0689413998834446	

