precision:	0.1	0.1	0.0666666666666667	0.075	0.08	0.0666666666666667	0.0714285714285714	0.075	0.0777777777777778	0.07	

MAP:	0.0757022050696605

NDCG:	0.1	0.1	0.0760187533431869	0.0798484858099498	0.0822852472068965	0.0742232974899116	0.0763562959714124	0.078055570505498	0.0794531169548784	0.0770480707272404	

