precision:	0.2	0.1	0.0666666666666667	0.1	0.08	0.0833333333333333	0.0714285714285714	0.075	0.0777777777777778	0.07	

MAP:	0.0798672055010808

NDCG:	0.2	0.1	0.0760187533431869	0.0958181829719397	0.0842316566598433	0.0857765701825415	0.078678637703548	0.0802110053875017	0.0814712814481955	0.0777675952176836	

