precision:	0.1	0.15	0.1	0.125	0.1	0.0833333333333333	0.0857142857142857	0.075	0.0777777777777778	0.07	

MAP:	0.0769047959907181

NDCG:	0.1	0.15	0.11402813001478	0.12775757729592	0.112308875546458	0.101305341642621	0.1011973258194	0.093924267483255	0.0943112047881546	0.0898983744191787	

