precision:	0	0	0	0.05	0.04	0.0333333333333333	0.0285714285714286	0.0375	0.0555555555555556	0.06	

MAP:	0.0539525181139313

NDCG:	0	0	0	0.0319393943239799	0.0280772188866144	0.0253263354106553	0.0232306043934018	0.0287480258090017	0.0396543284103051	0.0492100158169437	

