precision:	0	0.05	0.0333333333333333	0.05	0.04	0.05	0.0428571428571429	0.05	0.0444444444444444	0.04	

MAP:	0.0267997531259417

NDCG:	0	0.05	0.0380093766715934	0.0479090914859699	0.0421158283299217	0.0477870670665585	0.0438327311134453	0.0478694763523748	0.0448208750329958	0.0422530870589834	

