precision:	0.1	0.15	0.1	0.15	0.12	0.1	0.0857142857142857	0.075	0.0666666666666667	0.06	

MAP:	0.0870928672602966

NDCG:	0.1	0.15	0.11402813001478	0.14372727445791	0.134071835864496	0.127194627174598	0.121955299631464	0.117781337039838	0.114348515278101	0.111457104590622	

