precision:	0.5	0.25	0.2	0.15	0.16	0.15	0.185714285714286	0.1625	0.144444444444444	0.14	

MAP:	0.165287827518312

NDCG:	0.5	0.25	0.226018753343187	0.19790909148597	0.209733552181688	0.208358110443708	0.241670420782068	0.232459185432407	0.224883523584303	0.225388229539092	

