precision:	0.5	0.45	0.4	0.35	0.3	0.3	0.285714285714286	0.25	0.222222222222222	0.2	

MAP:	0.189095793425581

NDCG:	0.5	0.45	0.433583994364947	0.409304064974492	0.389487514109401	0.394968052135146	0.390868432894564	0.373228417395412	0.358720613898481	0.347657488077575	

