precision:	0.2	0.2	0.133333333333333	0.125	0.1	0.0833333333333333	0.0857142857142857	0.075	0.0666666666666667	0.06	

MAP:	0.100659476824007

NDCG:	0.2	0.2	0.152037506686374	0.14372727445791	0.134071835864496	0.127194627174598	0.130230207877257	0.125461527096088	0.121539587020915	0.118236199826331	

