precision:	0.1	0.1	0.0666666666666667	0.075	0.08	0.0833333333333333	0.0714285714285714	0.0625	0.0555555555555556	0.06	

MAP:	0.0412311076782581

NDCG:	0.1	0.1	0.0760187533431869	0.0798484858099498	0.0839485956309367	0.0868689508916144	0.0808188839212476	0.0759990376712762	0.0720350172154341	0.0744251864881949	

