precision:	0.1	0.1	0.0666666666666667	0.05	0.06	0.05	0.0428571428571429	0.0625	0.0666666666666667	0.06	

MAP:	0.0391880168286939

NDCG:	0.1	0.1	0.0760187533431869	0.0638787886479598	0.0682466377635893	0.0615601297845839	0.0564660855289186	0.0667818772231228	0.0688973967700555	0.0649502648424286	

