precision:	0.1	0.05	0.0666666666666667	0.075	0.06	0.0833333333333333	0.0857142857142857	0.075	0.0777777777777778	0.09	

MAP:	0.0674880061608067

NDCG:	0.1	0.05	0.0619906233284066	0.0680606056760201	0.0636927565603906	0.0801768284899716	0.0844601333184039	0.080685464418105	0.0839496070459501	0.0924279421023147	

