precision:	0.3	0.2	0.133333333333333	0.1	0.1	0.0833333333333333	0.0857142857142857	0.0875	0.1	0.09	

MAP:	0.0504637489669586

NDCG:	0.3	0.2	0.152037506686374	0.12775757729592	0.124401075536818	0.112212800605895	0.111202202561515	0.110397099540625	0.116103523370078	0.109451952403856	

