precision:	0	0.1	0.0666666666666667	0.05	0.04	0.0333333333333333	0.0428571428571429	0.0375	0.0333333333333333	0.03	

MAP:	0.0700418826093979

NDCG:	0	0.1	0.0760187533431869	0.0638787886479598	0.0638787886479598	0.0638787886479598	0.0721536968937527	0.0715589787042098	0.0710698603907732	0.0706578838836688	

