precision:	0	0.05	0.0666666666666667	0.05	0.06	0.05	0.0571428571428571	0.05	0.0444444444444444	0.04	

MAP:	0.0548236174440644

NDCG:	0	0.05	0.0619906233284066	0.0520909085140302	0.0595475200941185	0.0550610223845687	0.0599179405588403	0.0566002464569063	0.0538716516835001	0.051573400088394	

