precision:	0.4	0.35	0.233333333333333	0.175	0.16	0.166666666666667	0.142857142857143	0.1375	0.122222222222222	0.12	

MAP:	0.140817455878891

NDCG:	0.4	0.35	0.278056260029561	0.241636365943879	0.230555513310047	0.235018879733383	0.220731171981471	0.216535733418478	0.206716678583643	0.214654310309215	

