precision:	0.1	0.15	0.1	0.1	0.08	0.0666666666666667	0.0571428571428571	0.05	0.0555555555555556	0.07	

MAP:	0.0695884334470116

NDCG:	0.1	0.15	0.11402813001478	0.11178788013393	0.102132441540516	0.0952552328506182	0.0900159053074844	0.0858419427158581	0.0887776913912362	0.0969794254907873	

