precision:	0.3	0.2	0.133333333333333	0.1	0.08	0.0833333333333333	0.0714285714285714	0.0625	0.0666666666666667	0.06	

MAP:	0.0523489605521042

NDCG:	0.3	0.2	0.152037506686374	0.12775757729592	0.112308875546458	0.111102905593197	0.10190924209695	0.0945850182920026	0.0949298752162333	0.0894913425732338	

