precision:	0.4	0.2	0.166666666666667	0.15	0.12	0.133333333333333	0.114285714285714	0.1125	0.111111111111111	0.11	

MAP:	0.110225893458272

NDCG:	0.4	0.2	0.176018753343187	0.16387878864796	0.151786588657599	0.162768893635262	0.154585828183395	0.155253713851588	0.155803007815249	0.156265669306969	

