precision:	0.2	0.1	0.1	0.1	0.08	0.0666666666666667	0.0714285714285714	0.075	0.0777777777777778	0.1	

MAP:	0.0473310240770831

NDCG:	0.2	0.1	0.1	0.1	0.0879078000096396	0.0792949770861511	0.0810082987345425	0.0823732335298831	0.0834958065683182	0.103670763295706	

