precision:	0.6	0.3	0.2	0.15	0.12	0.1	0.0857142857142857	0.0875	0.0888888888888889	0.08	

MAP:	0.147304777771367

NDCG:	0.6	0.3	0.240046883357967	0.209696971619899	0.194248269870438	0.183244735966601	0.174861811897587	0.178829936525645	0.179705992143981	0.175871443912501	

