precision:	0.4	0.25	0.2	0.15	0.14	0.116666666666667	0.114285714285714	0.1125	0.122222222222222	0.11	

MAP:	0.117027234389151

NDCG:	0.4	0.25	0.21402813001478	0.17984848580995	0.177917398091267	0.166744392402712	0.166507266321318	0.166318357461338	0.172531562240211	0.16630684473597	

